8.493715732702180222e-05
7.077514024518575999e-04
1.037888857118163428e-02
1.775114523641618119e-02
6.234216346335921810e-02
9.325512502985004726e-02
2.681367574547921517e-01
3.241515080807784721e-01
3.327758575924484874e-01
4.024282130565642879e-01
4.747562953149377374e-01
5.557715758074351919e-01
6.513290032388935336e-01
7.178018146197070459e-01
7.182585302683638373e-01
7.285373420328713490e-01
7.482149592836662144e-01
7.848069438260469877e-01
8.336802912832074197e-01
8.356354628958331254e-01
8.381108254794169543e-01
8.662021468051067652e-01
8.702534511548885021e-01
8.767365311314078147e-01
8.868003364793433096e-01
8.970529456414532143e-01
9.015571513889745203e-01
9.267614029649614560e-01
9.341631377044637974e-01
9.358668751287679832e-01
9.381718753110241948e-01
9.417519437056866005e-01
9.495793128100187275e-01
9.525661921665641296e-01
9.563990327879682285e-01
9.568216385520803557e-01
9.581413480452519726e-01
9.671859895745252844e-01
9.674809012865573932e-01
9.675710045747640820e-01
9.699035883429757421e-01
9.714771281581188189e-01
9.759702734639041921e-01
9.774935873056891378e-01
9.818485469258937393e-01
9.829573562009624732e-01
9.839972490704298469e-01
9.865744300393617383e-01
9.877766246965984376e-01
9.878345624069121422e-01
9.884540337761027473e-01
9.886965719590155022e-01
9.894318367516925505e-01
9.908000206701810253e-01
9.910989317640114260e-01
9.919115049528806072e-01
9.927957918019354455e-01
9.928483592920305245e-01
9.934615249502442014e-01
9.935625795549856143e-01
9.945585748140483018e-01
9.950811650466481195e-01
9.954799650889498697e-01
9.960175294245364741e-01
9.962323040448722855e-01
9.967035273259964301e-01
9.976796344221140478e-01
9.978381225060204418e-01
9.982729848867074596e-01
9.982753559290395984e-01
9.984081152837394058e-01
9.985478399936027483e-01
9.992956024623282918e-01
9.993744643390797266e-01
9.993858149162903048e-01
9.993936790144097859e-01
9.994794732597871434e-01
9.995158105368177059e-01
9.997065917510439270e-01
9.998469424076495971e-01
9.999483248008820269e-01
1.000154911229163890e+00
1.000425674747077442e+00
1.000607972577711502e+00
1.000610841451982314e+00
1.000759289561644838e+00
1.000981477517885576e+00
1.001022073908009791e+00
1.001043282954803493e+00
1.001155264422429969e+00
1.001199863761996101e+00
1.001255199023607823e+00
1.001283346852331002e+00
1.001283621167313731e+00
1.001283697297222997e+00
1.001283836872211008e+00
1.001283935572848671e+00
1.001284323676705945e+00
1.001284370243765487e+00
1.001284493856925195e+00
1.001284715929579017e+00
1.001286891012951319e+00
1.001287244987394409e+00
1.001291689932390927e+00
1.001293239076869401e+00
1.001307163227123320e+00
1.001311246543516553e+00
1.001312380012701064e+00
1.001314149028863953e+00
1.001314373990247697e+00
1.001314556151748469e+00
1.001314949081950179e+00
1.001315189646974080e+00
1.001315260250708050e+00
1.001315566303429661e+00
1.001315904632280152e+00
1.001315980427726071e+00
1.001315994251627428e+00
1.001316876735319106e+00
1.001317501716171510e+00
1.001317536984191570e+00
1.001317917218315090e+00
1.001318085986689921e+00
1.001318263963123067e+00
1.001319626950710306e+00
1.001320949958976358e+00
1.001321725438584664e+00
1.001322241080778275e+00
1.001323343934754639e+00
1.001323413867023948e+00
1.001324170213261366e+00
1.001324245820744530e+00
1.001324470586377524e+00
1.001324751505678901e+00
1.001325012969388473e+00
1.001325550451585000e+00
1.001326990896734381e+00
1.001329480792409798e+00
1.001329770818779163e+00
1.001329922816622808e+00
1.001330708919595303e+00
1.001331556763232156e+00
1.001331780082622913e+00
1.001332198129221362e+00
1.001332531289078176e+00
1.001332906027881275e+00
1.001333030256672085e+00
1.001333285531132988e+00
1.001333961995812372e+00
1.001334221670811431e+00
1.001334861897585027e+00
1.001335122329159333e+00
1.001335621660117470e+00
1.001335741156495818e+00
1.001337214405147558e+00
1.001337470681879394e+00
1.001338716980002097e+00
1.001338914941163338e+00
1.001340127189955798e+00
1.001341159487532106e+00
1.001341263772960843e+00
1.001341990741927868e+00
1.001342338017729316e+00
1.001343409825758757e+00
1.001343990374731652e+00
1.001344668837417462e+00
1.001345087814282220e+00
1.001345374678171307e+00
1.001345547999765051e+00
1.001345740285541908e+00
1.001346223114681022e+00
1.001346426972872239e+00
1.001346488867085549e+00
1.001346755533851107e+00
1.001347090818254459e+00
1.001347196724218236e+00
1.001347432410464089e+00
1.001347566340743400e+00
1.001347676116444818e+00
1.001347698576255718e+00
1.001348045563260847e+00
1.001348577870317502e+00
1.001349792109330838e+00
1.001350262050324957e+00
1.001350761125826327e+00
1.001351006757365658e+00
1.001351365919906700e+00
1.001352625398549412e+00
1.001353847426289745e+00
1.001354925791277717e+00
1.001355387309252887e+00
1.001356343442510122e+00
1.001356616109395636e+00
1.001356787673257864e+00
1.001358683332437494e+00
1.001358850761970176e+00
1.001359203692501643e+00
1.001359582073311438e+00
1.001359628886775655e+00
1.001359955533184243e+00
1.001360047243930795e+00
1.001360539566521046e+00
1.001360626569078427e+00
1.001360702356917987e+00
1.001360739289492985e+00
1.001360821136064283e+00
1.001360870654251167e+00
1.001360921334247367e+00
1.001360984630906392e+00
1.001361456851668663e+00
1.001361671259522135e+00
1.001361734044015961e+00
1.001362253745752717e+00
1.001363056561303422e+00
1.001363315516218266e+00
1.001363871748420120e+00
1.001364349747128291e+00
1.001364571419537608e+00
1.001365199983022647e+00
1.001365659304721545e+00
1.001366307515368481e+00
1.001366317775709724e+00
1.001366458673532023e+00
1.001366571527817717e+00
1.001367091261496922e+00
1.001367231336951047e+00
1.001367390867864637e+00
1.001367595291108081e+00
1.001367826116458914e+00
1.001367954548233685e+00
1.001368437732194083e+00
1.001368647255167499e+00
1.001369142887167163e+00
1.001369763452033324e+00
1.001370516485267759e+00
1.001370700083516807e+00
1.001370826895810806e+00
1.001370945523250455e+00
1.001372718520233907e+00
1.001372826044634623e+00
1.001373250313072116e+00
1.001373581747497354e+00
1.001373968323053587e+00
1.001374289128925898e+00
1.001374557781316899e+00
1.001374635301281346e+00
1.001375323924458938e+00
1.001375562790690399e+00
1.001375960543897214e+00
1.001376138479290301e+00
1.001376280682111153e+00
1.001376485404311012e+00
1.001377106535506156e+00
1.001377510718923558e+00
1.001379780091593119e+00
1.001380389451096642e+00
1.001380535207148093e+00
1.001382033791881954e+00
1.001383132700612855e+00
1.001383592269674994e+00
1.001383752854208220e+00
1.001384370681536407e+00
1.001385190390295055e+00
1.001385947782100994e+00
1.001386040440638503e+00
1.001386376777832155e+00
1.001386777089114721e+00
1.001387053983163522e+00
1.001387190156763252e+00
1.001387218960220871e+00
1.001387465285622502e+00
1.001387846917402236e+00
1.001387943081587295e+00
1.001388172651416442e+00
1.001388689808877741e+00
1.001388843097692050e+00
1.001389808141184057e+00
1.001389977402656006e+00
1.001390353266366384e+00
1.001390519277260305e+00
1.001390568358433208e+00
1.001390818661958892e+00
1.001391085862041175e+00
1.001392021476645633e+00
1.001393693582365074e+00
1.001394171337182781e+00
1.001394680467625253e+00
1.001395248458561094e+00
1.001396707125185248e+00
1.001398294842937409e+00
1.001398574978380029e+00
1.001403285736823356e+00
1.001403932501263139e+00
1.001404330354155992e+00
1.001405281421208882e+00
1.001406171724539940e+00
1.001408187583586740e+00
1.001408462392206378e+00
1.001408938810380400e+00
1.001409045121035790e+00
1.001409248790818385e+00
1.001409365822815367e+00
1.001409665149392003e+00
1.001410190159968128e+00
1.001410248682952142e+00
1.001410407345503017e+00
1.001410444845048264e+00
1.001410603320176618e+00
1.001410751637920260e+00
1.001411113284338406e+00
1.001411330110201225e+00
1.001411510548386952e+00
1.001411849074347771e+00
1.001411890745759203e+00
1.001412121607575534e+00
1.001412592556436776e+00
1.001412598789801933e+00
1.001413054618891074e+00
1.001413845155731952e+00
1.001413899787502615e+00
1.001414219380286408e+00
1.001414283003784433e+00
1.001414616060216867e+00
1.001414956058728212e+00
1.001417590737159635e+00
1.001418109826712532e+00
1.001418882866677906e+00
1.001418976538786199e+00
1.001419598285621548e+00
1.001420755568295684e+00
1.001420796710088101e+00
1.001420892744026681e+00
1.001420914711277588e+00
1.001420928475379446e+00
1.001421414449086722e+00
1.001421492625135024e+00
1.001422422815788194e+00
1.001422516750177794e+00
1.001422592205241324e+00
1.001422716839332816e+00
1.001422984936015448e+00
1.001423070367898349e+00
1.001424715308210978e+00
1.001424861311139169e+00
1.001425356543754974e+00
1.001425652026677326e+00
1.001425907389090986e+00
1.001426519543653804e+00
1.001426528374787628e+00
1.001427106634757092e+00
1.001427465886540746e+00
1.001427806329113324e+00
1.001427834095833136e+00
1.001427942298302565e+00
1.001428039774232781e+00
1.001428214411110851e+00
1.001428332089033812e+00
1.001428476807332046e+00
1.001428587589875407e+00
1.001428638240865920e+00
1.001428739789970823e+00
1.001429004229478670e+00
1.001429312874777544e+00
1.001429452789848851e+00
1.001429807344985212e+00
1.001430653781871127e+00
1.001431684170977832e+00
1.001432184720123297e+00
1.001432789345713559e+00
1.001432815607435467e+00
1.001432905140639429e+00
1.001433323639306705e+00
1.001433333506882573e+00
1.001433707493476266e+00
1.001433728352319807e+00
1.001433775186355124e+00
1.001433862149981646e+00
1.001433953506512875e+00
1.001434069669764781e+00
1.001434112575890545e+00
1.001434131209819167e+00
1.001434161167291892e+00
1.001434497813390445e+00
1.001434554966562862e+00
1.001434802796697721e+00
1.001434895779458989e+00
1.001434990698061078e+00
1.001435088281596553e+00
1.001435257038604476e+00
1.001435273524247993e+00
1.001435381120694856e+00
1.001435558589819586e+00
1.001435607471613531e+00
1.001435881381265824e+00
1.001436149085169314e+00
1.001436440436380915e+00
1.001436521318639139e+00
1.001436627775590615e+00
1.001436780903879775e+00
1.001437046662363217e+00
1.001437050372053550e+00
1.001437114688345176e+00
1.001437284943088146e+00
1.001437329258053843e+00
1.001437511573896266e+00
1.001437516153760088e+00
1.001437632121755961e+00
1.001438061617465625e+00
1.001438160452090775e+00
1.001438259736506797e+00
1.001438563472859755e+00
1.001439058944908256e+00
1.001439227936476994e+00
1.001439446272913480e+00
1.001439654580825955e+00
1.001441685860232189e+00
1.001442488296676370e+00
1.001442555016434088e+00
1.001442611343561495e+00
1.001442893648570198e+00
1.001443066716173780e+00
1.001443214314556407e+00
1.001443582898329909e+00
1.001444426875421234e+00
1.001444921278831224e+00
1.001445129853176796e+00
1.001445349407979135e+00
1.001445440532355624e+00
1.001446101730014027e+00
1.001446184694918529e+00
1.001446449724988863e+00
1.001446645840543770e+00
1.001446773721799799e+00
1.001446997547424944e+00
1.001447072769654945e+00
1.001447112096276015e+00
1.001447129908730416e+00
1.001447370406835846e+00
1.001447674735805649e+00
1.001448041898924446e+00
1.001448046231442346e+00
1.001448364733623864e+00
1.001449460952881454e+00
1.001449478165071350e+00
1.001449540766091717e+00
1.001449826788200159e+00
1.001449994179374636e+00
1.001450651068140241e+00
1.001450800246938666e+00
1.001450916443519912e+00
1.001451150034420534e+00
1.001451205859946736e+00
1.001451480856637266e+00
1.001451525704391887e+00
1.001451771591542306e+00
1.001451901920665799e+00
1.001452027218224350e+00
1.001452192125730223e+00
1.001452369270717568e+00
1.001452772081739440e+00
1.001452837132705165e+00
1.001452972430144639e+00
1.001453250693724373e+00
1.001453439753410946e+00
1.001453573248971995e+00
1.001453777537031131e+00
1.001453897209987787e+00
1.001453945128190304e+00
1.001454098786585423e+00
1.001454248219648901e+00
1.001454367717282690e+00
1.001454390685928564e+00
1.001454397778990479e+00
1.001454551448701213e+00
1.001454614509581287e+00
1.001454674883262674e+00
1.001454697992207654e+00
1.001454881598454749e+00
1.001455187067677555e+00
1.001455199538739516e+00
1.001456026948114975e+00
1.001456105388335960e+00
1.001456542922324555e+00
1.001457201841768008e+00
1.001457235688504532e+00
1.001457327344124737e+00
1.001457534387962811e+00
1.001457653073868803e+00
1.001457790321323094e+00
1.001457899348963343e+00
1.001457949854333895e+00
1.001457996799150818e+00
1.001458507748349769e+00
1.001458684697550394e+00
1.001459055608127313e+00
1.001459240342183366e+00
1.001459377416480612e+00
1.001459419034886222e+00
1.001460014571905699e+00
1.001460357340450802e+00
1.001460621774376669e+00
1.001461594910233455e+00
1.001461964533818083e+00
1.001462080783975583e+00
1.001462602036028882e+00
1.001462774482984930e+00
1.001462942995365424e+00
1.001463111718304377e+00
1.001463301907356884e+00
1.001463443951061905e+00
1.001463732373117033e+00
1.001463824783851431e+00
1.001464604075832598e+00
1.001465319551700262e+00
1.001466530255494813e+00
1.001472091755012839e+00
1.001475856118853036e+00
1.001476217551008352e+00
1.001477357544084290e+00
1.001478377824081223e+00
1.001479014260407308e+00
1.001480634179529261e+00
1.001480737714212532e+00
1.001481721352654342e+00
1.001482526187692512e+00
1.001484542653793719e+00
1.001485470727099480e+00
1.001489533059612969e+00
1.001490530049224281e+00
1.001492928617407907e+00
1.001497321139585450e+00
1.001499000168215803e+00
1.001500338414571534e+00
1.001502108936596747e+00
1.001503584559310545e+00
1.001509477987655439e+00
1.001511284717035766e+00
1.001523432683122383e+00
1.001525280661072159e+00
1.001526063739711425e+00
1.001526600873116957e+00
1.001527023738655098e+00
1.001527972036477809e+00
1.001528822749083947e+00
1.001528947244582080e+00
1.001529900430901732e+00
1.001530552825935283e+00
1.001532577867142892e+00
1.001534007727612030e+00
1.001535274435248146e+00
1.001538215091350770e+00
1.001539959168802119e+00
1.001546576369685138e+00
1.001552896878398435e+00
1.001556737255136165e+00
1.001561284694047593e+00
1.001564243121440212e+00
1.001565756562839526e+00
1.001567995107674136e+00
1.001569433802697029e+00
1.001569567613718181e+00
1.001570672680114571e+00
1.001571828169662615e+00
1.001572218463318675e+00
1.001572706297839899e+00
1.001572848371703683e+00
1.001575951472723602e+00
1.001576045851308328e+00
1.001576612079447592e+00
1.001577539512168658e+00
1.001577789419376474e+00
1.001577892878141363e+00
1.001579308929144485e+00
1.001581733302910004e+00
1.001581843178249276e+00
1.001582486977447894e+00
1.001583450923586804e+00
1.001584190301863408e+00
1.001585284252207275e+00
1.001585844399886405e+00
1.001588759434333120e+00
1.001590082184182107e+00
1.001591064707182843e+00
1.001593139050808157e+00
1.001614777217480157e+00
1.001617922997107835e+00
1.001621701424282529e+00
1.001631042045543873e+00
1.001631750951613720e+00
1.001632634301329094e+00
1.001634080062831833e+00
1.001637182324847997e+00
1.001637436499756229e+00
1.001638145440290062e+00
1.001638554083087662e+00
1.001638855269511685e+00
1.001641410853696623e+00
1.001641864733585630e+00
1.001642749581459935e+00
1.001644061013668763e+00
1.001644831929151547e+00
1.001645262812129955e+00
1.001645867105408705e+00
1.001648258581595563e+00
1.001648818381597694e+00
1.001651294239950252e+00
1.001653502936954210e+00
1.001654749330378458e+00
1.001658698782769363e+00
1.001659235598932440e+00
1.001660146770422033e+00
1.001662266283174452e+00
1.001663935754530055e+00
1.001666575970571627e+00
1.001667470508884161e+00
1.001669093108514597e+00
1.001673595066683964e+00
1.001687505069238426e+00
1.001688779511369143e+00
1.001689860294382006e+00
1.001690786974448688e+00
1.001692343399459562e+00
1.001693812348652735e+00
1.001694066455504517e+00
1.001695338410210523e+00
1.001696076098380850e+00
1.001698978159502040e+00
1.001699482196382940e+00
1.001701973369735210e+00
1.001702507188274138e+00
1.001702677316987922e+00
1.001703340932027952e+00
1.001704266322940073e+00
1.001705324759858406e+00
1.001707262680714194e+00
1.001708228985924265e+00
1.001708814964635819e+00
1.001712391144808478e+00
1.001714091680209640e+00
1.001715889492039713e+00
1.001716252571064336e+00
1.001716787950079679e+00
1.001717078823848306e+00
1.001718135359501272e+00
1.001718920200551421e+00
1.001720159376961350e+00
1.001723932213997026e+00
1.001724019256561515e+00
1.001726074044694048e+00
1.001726671394848722e+00
1.001727150241934483e+00
1.001727489448841268e+00
1.001728611489556497e+00
1.001729337785668417e+00
1.001729413006070102e+00
1.001729745348461709e+00
1.001730250008451506e+00
1.001730621711430569e+00
1.001730898710088580e+00
1.001731155881570245e+00
1.001731552759699939e+00
1.001731884928125593e+00
1.001732419879509228e+00
1.001733445459473293e+00
1.001733906003847485e+00
1.001734248178775655e+00
1.001734956797329268e+00
1.001735091074035466e+00
1.001737096395424187e+00
1.001738334083670301e+00
1.001738809109744555e+00
1.001739853825730497e+00
1.001740681828749091e+00
1.001741056993276979e+00
1.001741090261136335e+00
1.001741557501672375e+00
1.001742694649428778e+00
1.001743457584507224e+00
1.001744538527438166e+00
1.001745058597098170e+00
1.001745819192367382e+00
1.001746671214978956e+00
1.001747019406564965e+00
1.001747189480160394e+00
1.001748075731787813e+00
1.001748588985151844e+00
1.001748849492507532e+00
1.001749087589557607e+00
1.001749438319370133e+00
1.001749880345613741e+00
1.001750382897130587e+00
1.001750799726351504e+00
1.001751126064122754e+00
1.001751249339105643e+00
1.001751659904554614e+00
1.001752109175680250e+00
1.001752429992121662e+00
1.001752781978910711e+00
1.001752979800295540e+00
1.001753192193498787e+00
1.001753446988105978e+00
1.001753514224858144e+00
1.001753831312959031e+00
1.001753900729835944e+00
1.001754101369174421e+00
1.001754857130383591e+00
1.001755383119112830e+00
1.001755587443393214e+00
1.001755707337265600e+00
1.001755898429206537e+00
1.001756478986428167e+00
1.001756826728870342e+00
1.001757321177984439e+00
1.001757446914222083e+00
1.001757797024076746e+00
1.001757974802002682e+00
1.001758501587371786e+00
1.001758720250192303e+00
1.001758861458750927e+00
1.001758938997088233e+00
1.001759197995039985e+00
1.001759338174234681e+00
1.001759672441500548e+00
1.001760123308452988e+00
1.001760491224857885e+00
1.001760811995555223e+00
1.001760985178710817e+00
1.001761088331442284e+00
1.001761473949956294e+00
1.001761849951012140e+00
1.001762315667036773e+00
1.001762452148512894e+00
1.001762608380068365e+00
1.001762914521522552e+00
1.001763505524187581e+00
1.001763769085147304e+00
1.001763883292607904e+00
1.001764029134811329e+00
1.001764451657677135e+00
1.001764740086963146e+00
1.001765064170931252e+00
1.001765485551294743e+00
1.001765924571246469e+00
1.001766570456259942e+00
1.001766612668447687e+00
1.001766965181329683e+00
1.001767043747205266e+00
1.001767108185359634e+00
1.001767251627880162e+00
1.001767464436970512e+00
1.001767893947222321e+00
1.001768422733187558e+00
1.001768801724929547e+00
1.001769209171205377e+00
1.001769508232660089e+00
1.001769894521579163e+00
1.001770257498824535e+00
1.001771134571426858e+00
1.001771923530919262e+00
1.001772626159990631e+00
1.001773250440406882e+00
1.001773324753569172e+00
1.001774104882988903e+00
1.001774284424869821e+00
1.001774853459049153e+00
1.001775372482878401e+00
1.001776533784898060e+00
1.001777020222663461e+00
1.001778336554949966e+00
1.001778423914006177e+00
1.001778871119104686e+00
1.001779311752415191e+00
1.001780108513510070e+00
1.001780476475518711e+00
1.001780758403899574e+00
1.001780919602769382e+00
1.001781523936378315e+00
1.001782541888065259e+00
1.001782856087418239e+00
1.001783465896028291e+00
1.001783677653935944e+00
1.001785268955559971e+00
1.001785992915803725e+00
1.001786992316111791e+00
1.001787561998720433e+00
1.001787836580872337e+00
1.001788523844839851e+00
1.001788746569022059e+00
1.001789167294937055e+00
1.001789381099496890e+00
1.001789427729473880e+00
1.001789822860664758e+00
1.001790161686857861e+00
1.001790389307738893e+00
1.001790604931045436e+00
1.001790693599541093e+00
1.001791343998985395e+00
1.001791609770900759e+00
1.001792132414534908e+00
1.001792345752093194e+00
1.001792685672459271e+00
1.001793383401631710e+00
1.001793646385262360e+00
1.001793883010335673e+00
1.001794590414545993e+00
1.001795096776216365e+00
1.001795349895558962e+00
1.001795389945008719e+00
1.001795716656579183e+00
1.001795979431515660e+00
1.001796320030558185e+00
1.001796593376771405e+00
1.001796785077156748e+00
1.001797037581897643e+00
1.001797056978707801e+00
1.001797160254289443e+00
1.001797372365144989e+00
1.001797470510497501e+00
1.001797712778986993e+00
1.001797893175592202e+00
1.001798086187809966e+00
1.001798485558562435e+00
1.001798773304383827e+00
1.001799479056830089e+00
1.001799848772191526e+00
1.001800352280509232e+00
1.001800753120706267e+00
1.001801530050201672e+00
1.001801989830681139e+00
1.001802508147021431e+00
1.001802805063267687e+00
1.001803013976667156e+00
1.001803818676011426e+00
1.001804006190985197e+00
1.001804521116778535e+00
1.001805279595518350e+00
1.001807218000429600e+00
1.001807688205780478e+00
1.001807819800954569e+00
1.001808151646740752e+00
1.001808229311801579e+00
1.001809073406762174e+00
1.001809426961356220e+00
1.001810097539089339e+00
1.001810287223715568e+00
1.001810852087084536e+00
1.001811570537826990e+00
1.001811936028770944e+00
1.001812229396388032e+00
1.001812512227849616e+00
1.001812797115584353e+00
1.001813350683580905e+00
1.001813700813981578e+00
1.001814218435722381e+00
1.001814775763421039e+00
1.001816038109829554e+00
1.001816242713846172e+00
1.001816582159367863e+00
1.001817284342108483e+00
1.001817364045284320e+00
1.001817505918568330e+00
1.001818028313899100e+00
1.001818419711264507e+00
1.001818619369633012e+00
1.001818926767054974e+00
1.001819099891995579e+00
1.001819333423587199e+00
1.001820113793999711e+00
1.001820143330594881e+00
1.001820708867397380e+00
1.001820789502038345e+00
1.001821429176461775e+00
1.001821968809263552e+00
1.001822780830942339e+00
1.001823599301959744e+00
1.001823767062261172e+00
1.001823913773290498e+00
1.001824136618729932e+00
1.001824365428077623e+00
1.001824438543243989e+00
1.001824509906271032e+00
1.001824960799085673e+00
1.001825188098370401e+00
1.001825405656598500e+00
1.001825527437313346e+00
1.001825580720866471e+00
1.001825711796183738e+00
1.001826073495670322e+00
1.001826137539538975e+00
1.001826322876053110e+00
1.001826362768749590e+00
1.001826922017458266e+00
1.001827180663727779e+00
1.001828137192669166e+00
1.001828235632170161e+00
1.001828317055271977e+00
1.001828832620985210e+00
1.001829544887780976e+00
1.001830235675946978e+00
1.001831710841220469e+00
1.001832193152227601e+00
1.001833033578315657e+00
1.001833350802085354e+00
1.001833441496493782e+00
1.001834129988605993e+00
1.001834411430176264e+00
1.001834802761587984e+00
1.001835126711432267e+00
1.001835257091106657e+00
1.001836193765232697e+00
1.001836528084213196e+00
1.001836644352247507e+00
1.001837082596674255e+00
1.001837628855563045e+00
1.001837989308508758e+00
1.001838935887019000e+00
1.001839042277162362e+00
1.001839530468504158e+00
1.001839589116905405e+00
1.001839875769564348e+00
1.001839977824510841e+00
1.001840361826501935e+00
1.001840721132021716e+00
1.001841139813675730e+00
1.001841463094522711e+00
1.001841788219218099e+00
1.001841878417239817e+00
1.001842185835925658e+00
1.001842525501903447e+00
1.001842781208893474e+00
1.001842916173987019e+00
1.001844046965546520e+00
1.001844293078655745e+00
1.001844366734642833e+00
1.001844811395329549e+00
1.001845117136878960e+00
1.001845427140128697e+00
1.001845465918474121e+00
1.001845587866514009e+00
1.001846053788741253e+00
1.001846349922777213e+00
1.001846355698447599e+00
1.001846459127220479e+00
1.001846804916565858e+00
1.001847012972661322e+00
1.001847207141144835e+00
1.001847352723727935e+00
1.001847637181190853e+00
1.001847785438171767e+00
1.001847947972259734e+00
1.001848211552558876e+00
1.001848230439882359e+00
1.001848936098155951e+00
1.001849119675148225e+00
1.001849536791070250e+00
1.001850136468581010e+00
1.001851171479574143e+00
1.001851561947846525e+00
1.001851743556084307e+00
1.001852060258282329e+00
1.001852536584203035e+00
1.001852822999259374e+00
1.001853531739026693e+00
1.001854177326080508e+00
1.001854725575347826e+00
1.001854838956788285e+00
1.001855506225431958e+00
1.001855734937480147e+00
1.001856468820718771e+00
1.001856581139375146e+00
1.001857498271526481e+00
1.001857643894182415e+00
1.001857672906347752e+00
1.001858113017960461e+00
1.001858807383809058e+00
1.001859317832199725e+00
1.001859948993768068e+00
1.001860096942609468e+00
1.001860246447818348e+00
1.001860623507993431e+00
1.001860955940653053e+00
1.001861061040896228e+00
1.001861417075934568e+00
1.001861513035030793e+00
1.001861571834802067e+00
1.001861966648698088e+00
1.001862374877453554e+00
1.001862474653152812e+00
1.001862940716559569e+00
1.001863531767448467e+00
1.001864109454359664e+00
1.001864531527972391e+00
1.001864749484214778e+00
1.001865077699416906e+00
1.001865947797004663e+00
1.001866013620794416e+00
1.001866727605996710e+00
1.001867177116070540e+00
1.001867796046853831e+00
1.001868694624872491e+00
1.001869700728692525e+00
1.001870259850105249e+00
1.001870362659882829e+00
1.001871286638807979e+00
1.001871432650175642e+00
1.001871793470527683e+00
1.001872180625711595e+00
1.001873331801720335e+00
1.001874264366992895e+00
1.001874469071092122e+00
1.001874870801182205e+00
1.001875271506519560e+00
1.001876537851125626e+00
1.001877081195252650e+00
1.001877142621958150e+00
1.001877522735906245e+00
1.001877558754073583e+00
1.001877759275151769e+00
1.001878017096148543e+00
1.001878314314944785e+00
1.001878470509135921e+00
1.001879033081868542e+00
1.001879354595854865e+00
1.001879582855091488e+00
1.001880009378680603e+00
1.001880576836110315e+00
1.001881049760219522e+00
1.001881509744588117e+00
1.001881606777361045e+00
1.001882326727232098e+00
1.001882902390244912e+00
1.001883097773110576e+00
1.001883320730980076e+00
1.001884440369641638e+00
1.001885061738694738e+00
1.001888012243650650e+00
1.001888067027346230e+00
1.001888649817366028e+00
1.001889410046181705e+00
1.001890335093425177e+00
1.001891015418708841e+00
1.001891744642888105e+00
1.001892000745741473e+00
1.001892656883232480e+00
1.001893247353299321e+00
1.001894016171879009e+00
1.001894406306733432e+00
1.001894521057089982e+00
1.001895403901083892e+00
1.001895677290779885e+00
1.001896360757613236e+00
1.001897578069640860e+00
1.001898403520450564e+00
1.001898737485682478e+00
1.001898916406219975e+00
1.001899725769257676e+00
1.001900297478350410e+00
1.001900507594668532e+00
1.001902724889916163e+00
1.001903357343469025e+00
1.001903458867635210e+00
1.001903707058452886e+00
1.001904019563088166e+00
1.001904487803485733e+00
1.001904792311556269e+00
1.001905996513223318e+00
1.001906117295277454e+00
1.001906482717451530e+00
1.001906669376861236e+00
1.001907052434666268e+00
1.001907180710368994e+00
1.001908497371314821e+00
1.001908583621821336e+00
1.001908835436071010e+00
1.001910627231484385e+00
1.001910915336108099e+00
1.001911098737037875e+00
1.001911419704754502e+00
1.001912161652561473e+00
1.001912987162522750e+00
1.001913793912358353e+00
1.001913856562368199e+00
1.001914316639138880e+00
1.001914722063158791e+00
1.001914991941403876e+00
1.001915598835843024e+00
1.001915845751846890e+00
1.001916638579344321e+00
1.001917314435204931e+00
1.001918764999443656e+00
1.001919084496142087e+00
1.001919181168591244e+00
1.001919690013084896e+00
1.001920366934434981e+00
1.001920634292963852e+00
1.001921530287231743e+00
1.001921937819102437e+00
1.001922119169651682e+00
1.001922786272092081e+00
1.001923792083436737e+00
1.001924159964161953e+00
1.001924702226507424e+00
1.001925461920121663e+00
1.001925973421360361e+00
1.001926579770728853e+00
1.001927350526623961e+00
1.001928156193689023e+00
1.001928307116334071e+00
1.001929952264390300e+00
1.001930430209332812e+00
1.001930628160337067e+00
1.001932041079380831e+00
1.001932647985304348e+00
1.001933148918829897e+00
1.001936352082434034e+00
1.001938154900439581e+00
1.001938364868049325e+00
1.001939780939770319e+00
1.001941104172678898e+00
1.001941660505941467e+00
1.001942516974996256e+00
1.001943223389271553e+00
1.001943432167884396e+00
1.001944454439750887e+00
1.001945591828454107e+00
1.001946490604072926e+00
1.001949054637863101e+00
1.001949237097048195e+00
1.001949737651019801e+00
1.001950313433315198e+00
1.001951508676652391e+00
1.001953260490939135e+00
1.001955052551132264e+00
1.001955809149600585e+00
1.001956180693999165e+00
1.001957547759352529e+00
1.001958666982795787e+00
1.001959402720044690e+00
1.001960979380010830e+00
1.001962033616150771e+00
1.001964167967505093e+00
1.001965951871568672e+00
1.001968272937055593e+00
1.001970201421014783e+00
1.001973717793635865e+00
1.001974948091113093e+00
1.001978289093887531e+00
1.001982128835259056e+00
1.001982860788311225e+00
1.001985147309095048e+00
1.001987094041326465e+00
1.001991441937299054e+00
1.001992966910872696e+00
1.001994371521668814e+00
1.001994948665891894e+00
1.001996303273100075e+00
1.002000574891163120e+00
1.002000928458931295e+00
1.002002243363970813e+00
1.002004135478745228e+00
1.002004685492221325e+00
1.002005506735375473e+00
1.002005739280404262e+00
1.002006564166226354e+00
1.002009158503264441e+00
1.002009291706814409e+00
1.002010799713229927e+00
1.002011096310259752e+00
1.002011636186218579e+00
1.002011772713124804e+00
1.002014485269886901e+00
1.002015332924262259e+00
1.002015666552934503e+00
1.002018010989399244e+00
1.002019385819371555e+00
1.002020559526722421e+00
1.002021938232734000e+00
1.002022173556459395e+00
1.002022756836523198e+00
1.002023866368016103e+00
1.002024559246123436e+00
1.002026486517891835e+00
1.002029415902657261e+00
1.002029953279743646e+00
1.002031160980721092e+00
1.002032241536006563e+00
1.002032659710716089e+00
1.002034116329216573e+00
1.002039438288418793e+00
1.002042400828567548e+00
1.002043939306280995e+00
1.002046123038974779e+00
1.002050147356874588e+00
1.002050923811449890e+00
1.002055893876477422e+00
1.002056670331633592e+00
1.002058594269704894e+00
1.002062982099728661e+00
1.002065905069724705e+00
1.002069805295423111e+00
1.002071838692494721e+00
1.002075014579320911e+00
1.002078240422517252e+00
1.002080252000357330e+00
1.002085123280939127e+00
1.002086574427581755e+00
1.002089030025085536e+00
1.002091360826813826e+00
1.002093563195804116e+00
1.002095868214643248e+00
1.002097370400407916e+00
1.002098757664338757e+00
1.002099931939197663e+00
1.002100301587111053e+00
1.002101497081157255e+00
1.002103180744120303e+00
1.002103922928052393e+00
1.002104581306965114e+00
1.002105122217237909e+00
1.002105217986328567e+00
1.002106194361101377e+00
1.002108527373305469e+00
1.002108717256050552e+00
1.002110807050162977e+00
1.002112523789320253e+00
1.002113564902802789e+00
1.002114902334531488e+00
1.002115777533500784e+00
1.002117810775375872e+00
1.002119337139012911e+00
1.002120970251868970e+00
1.002121172027452323e+00
1.002121643964001496e+00
1.002122911784243398e+00
1.002123036672442291e+00
1.002124180542438348e+00
1.002124538389154162e+00
1.002125756082065555e+00
1.002127316089974851e+00
1.002129100627221048e+00
1.002129980132099973e+00
1.002131186619969361e+00
1.002133709246019189e+00
1.002134356328320486e+00
1.002135248860352990e+00
1.002135640098627656e+00
1.002136358616574352e+00
1.002136958456492088e+00
1.002139497040318794e+00
1.002140627184043176e+00
1.002142356964700332e+00
1.002143793648116121e+00
1.002144266403442119e+00
1.002145245212304747e+00
1.002146315574598434e+00
1.002147242308146557e+00
1.002147757088147628e+00
1.002148755713816675e+00
1.002148966459236012e+00
1.002149868886597295e+00
1.002152219095604924e+00
1.002152695551939310e+00
1.002154409100251442e+00
1.002155202252165589e+00
1.002155384489000989e+00
1.002156360368053223e+00
1.002156503432944268e+00
1.002157023800018587e+00
1.002157316289040923e+00
1.002157920171751204e+00
1.002158598822271873e+00
1.002159368956390795e+00
1.002159621732339634e+00
1.002160431137648189e+00
1.002161550671743617e+00
1.002161732671676075e+00
1.002161922451341614e+00
1.002163577102875180e+00
1.002164715883284485e+00
1.002165472622494891e+00
1.002166159578423033e+00
1.002166447752008027e+00
1.002166958696514065e+00
1.002167593441005033e+00
1.002168591984705870e+00
1.002169300333371149e+00
1.002170106333227562e+00
1.002171460041110906e+00
1.002171846643164832e+00
1.002172769041554279e+00
1.002172840310189494e+00
1.002173722078982587e+00
1.002174215790076817e+00
1.002174879243507233e+00
1.002175433908392810e+00
1.002176726574721899e+00
1.002176990373017329e+00
1.002179821124198122e+00
1.002180194432529037e+00
1.002181238879552128e+00
1.002184204784748900e+00
1.002184668192342532e+00
1.002184749708821432e+00
1.002185908867261555e+00
1.002187523616048237e+00
1.002187563821627547e+00
1.002188267453819170e+00
1.002188591102435744e+00
1.002189868977001908e+00
1.002191115737047777e+00
1.002193933246326552e+00
1.002195498690385600e+00
1.002200427107259539e+00
1.002202311482494057e+00
1.002203046956009480e+00
1.002207093393402415e+00
1.002208265025208878e+00
1.002210217684328608e+00
1.002211438016231693e+00
1.002211730836316761e+00
1.002212719997611856e+00
1.002213503278411411e+00
1.002213831197377170e+00
1.002216163230554846e+00
1.002219330697986743e+00
1.002222301068571575e+00
1.002224426771441079e+00
1.002227117222415753e+00
1.002227995349277645e+00
1.002230479838764232e+00
1.002233764470953803e+00
1.002235641918770126e+00
1.002237409735514673e+00
1.002240071219014705e+00
1.002240247129174033e+00
1.002245262330883957e+00
1.002247642867833965e+00
1.002248001969995750e+00
1.002249490615259697e+00
1.002250203479539303e+00
1.002251617256389560e+00
1.002256149933539175e+00
1.002258214548735094e+00
1.002264732183679063e+00
1.002266651525495433e+00
1.002268720509646993e+00
1.002271945430517341e+00
1.002276147830619246e+00
1.002276922718842833e+00
1.002280329318623098e+00
1.002284209509765711e+00
1.002286251034230746e+00
1.002286774523903023e+00
1.002288278878775252e+00
1.002291155298790759e+00
1.002296230174957836e+00
1.002299588903169614e+00
1.002300959139403869e+00
1.002301325966195034e+00
1.002301917806312392e+00
1.002302423114727281e+00
1.002303428299933463e+00
1.002303532741813941e+00
1.002305101542844801e+00
1.002306479771033043e+00
1.002306672031187507e+00
1.002308258441571898e+00
1.002309043443366354e+00
1.002310307428201375e+00
1.002311636373512282e+00
1.002312722844179049e+00
1.002313475738519477e+00
1.002315464075504314e+00
1.002317819157131362e+00
1.002319289639189481e+00
1.002322209005603870e+00
1.002323419475610322e+00
1.002325252555945401e+00
1.002327154437508083e+00
1.002327919262242073e+00
1.002329891854320199e+00
1.002332275765479119e+00
1.002333842076326587e+00
1.002335064745736304e+00
1.002335235435912075e+00
1.002336153669341812e+00
1.002338554677916660e+00
1.002341174762166442e+00
1.002344212784145094e+00
1.002345334133891708e+00
1.002349241164499194e+00
1.002349384819669398e+00
1.002350529523494238e+00
1.002351041089822425e+00
1.002351702383904586e+00
1.002352606341991192e+00
1.002353019026077652e+00
1.002354002671115074e+00
1.002354174676028942e+00
1.002354932821603040e+00
1.002355722692198192e+00
1.002358024003327408e+00
1.002360434355725305e+00
1.002363158022407719e+00
1.002364197417478842e+00
1.002367213593896134e+00
1.002368735009256717e+00
1.002368871382587789e+00
1.002369084927568821e+00
1.002369471126254297e+00
1.002370010454343152e+00
1.002373876054777790e+00
1.002374667317956547e+00
1.002376100289540162e+00
1.002376295468571321e+00
1.002377572524301597e+00
1.002377836196088445e+00
1.002380148496625489e+00
1.002380691486032704e+00
1.002381820043790395e+00
1.002383532261015731e+00
1.002383880834192720e+00
1.002384307838315447e+00
1.002384895189272429e+00
1.002385038397446859e+00
1.002386413300855317e+00
1.002386788035307452e+00
1.002388397160299816e+00
1.002389597922129338e+00
1.002393071285773818e+00
1.002393196153500643e+00
1.002394497241891003e+00
1.002395427744299017e+00
1.002396534852629584e+00
1.002397230158094343e+00
1.002398144625210152e+00
1.002399089458919867e+00
1.002399771154938390e+00
1.002400296134875468e+00
1.002400499129084688e+00
1.002400546636835088e+00
1.002401879476920721e+00
1.002402357291271029e+00
1.002402489708963174e+00
1.002403195193052987e+00
1.002404462925750028e+00
1.002404608180030632e+00
1.002406993436511407e+00
1.002407248729308975e+00
1.002408344293619358e+00
1.002409701765024419e+00
1.002410027890488609e+00
1.002412285325114061e+00
1.002413377886201218e+00
1.002414811231183922e+00
1.002415573734436238e+00
1.002415649170645517e+00
1.002415886377394871e+00
1.002416108093578506e+00
1.002416159810173735e+00
1.002417061273328747e+00
1.002417563037476533e+00
1.002418394488428177e+00
1.002418908778822892e+00
1.002420806154917576e+00
1.002420876940887107e+00
1.002422147075475944e+00
1.002423392096064125e+00
1.002425147277237860e+00
1.002425513430558413e+00
1.002427092386855678e+00
1.002427642047896139e+00
1.002430206506466304e+00
1.002432670489564526e+00
1.002433488083057656e+00
1.002434982927084883e+00
1.002435801041459129e+00
1.002436613780905095e+00
1.002437219240717159e+00
1.002438799560112281e+00
1.002439826756395425e+00
1.002441168797939097e+00
1.002442172825698030e+00
1.002442478959580940e+00
1.002444141136576095e+00
1.002445302182140896e+00
1.002446161319590301e+00
1.002447132580977618e+00
1.002449129902917901e+00
1.002449197374194911e+00
1.002449997850327623e+00
1.002452395607349445e+00
1.002452835351514748e+00
1.002454476374946557e+00
1.002455834285627567e+00
1.002456467691810404e+00
1.002458805080135074e+00
1.002460064721645505e+00
1.002461837280799628e+00
1.002462265010687137e+00
1.002462379735001408e+00
1.002463238414905256e+00
1.002465383825189127e+00
1.002468906768308798e+00
1.002471572780938125e+00
1.002471581934001987e+00
1.002472707096950799e+00
1.002473373735191187e+00
1.002473703255118975e+00
1.002475734637220617e+00
1.002478450550611466e+00
1.002479130793750395e+00
1.002479343253133148e+00
1.002479994343150604e+00
1.002481031082139928e+00
1.002481393196631654e+00
1.002481542843993267e+00
1.002485270381971549e+00
1.002485720351169673e+00
1.002486620501245929e+00
1.002489811400172570e+00
1.002490587414509582e+00
1.002491059247540894e+00
1.002492933129157437e+00
1.002496807395404366e+00
1.002498345731370089e+00
1.002500252028901695e+00
1.002500693436669366e+00
1.002501635229735788e+00
1.002502530407969106e+00
1.002503626815588911e+00
1.002507244521389618e+00
1.002508515716767246e+00
1.002510658132461874e+00
1.002511965853347675e+00
1.002512350899953830e+00
1.002513922608731400e+00
1.002516855259696582e+00
1.002518401384323132e+00
1.002519194726554819e+00
1.002519972203283372e+00
1.002522620819677801e+00
1.002523848672873807e+00
1.002524203777525491e+00
1.002526132680715110e+00
1.002526993726274185e+00
1.002527389918157263e+00
1.002528646676087209e+00
1.002531106911815684e+00
1.002533703210304772e+00
1.002536183094949074e+00
1.002537486268474831e+00
1.002538173025257606e+00
1.002538743758957684e+00
1.002539779699149536e+00
1.002541187480561424e+00
1.002543469526686382e+00
1.002544853675326753e+00
1.002546197663404914e+00
1.002549254648452237e+00
1.002550531578806137e+00
1.002561135599383091e+00
1.002563225795170432e+00
1.002567583456365874e+00
1.002589490261047267e+00
1.002592625071020205e+00
1.002596178744130651e+00
1.002598244307101094e+00
1.002598553172894924e+00
1.002602738131100457e+00
1.002611601126969010e+00
1.002615882082106280e+00
1.002616389000570152e+00
1.002617290808450523e+00
1.002618781433054274e+00
1.002619403259621178e+00
1.002619955741857360e+00
1.002621101995896602e+00
1.002621250401816155e+00
1.002622886740143215e+00
1.002626130716822939e+00
1.002629217121902006e+00
1.002629615232494276e+00
1.002630581025971024e+00
1.002631147535171685e+00
1.002631967319167483e+00
1.002633979416045928e+00
1.002635769073720429e+00
1.002638887302230497e+00
1.002639879930780298e+00
1.002642385275642312e+00
1.002644307130180934e+00
1.002647659945820280e+00
1.002648394703395729e+00
1.002649346901391292e+00
1.002652628022358883e+00
1.002654324222926663e+00
1.002655163328329380e+00
1.002656293752468120e+00
1.002659266274718908e+00
1.002660520116640974e+00
1.002665862882459624e+00
1.002668017976268811e+00
1.002669016862379747e+00
1.002683645986530259e+00
1.002685061317845516e+00
1.002686229796159845e+00
1.002687322734709063e+00
1.002688485695330201e+00
1.002692771310305542e+00
1.002695474800364472e+00
1.002695716501489365e+00
1.002701172795755991e+00
1.002707408724179849e+00
1.002709632883759916e+00
1.002712773459855100e+00
1.002715602712759724e+00
1.002716897547583752e+00
1.002724622144431255e+00
1.002724832264334509e+00
1.002725369010846412e+00
1.002726390107224308e+00
1.002727017715529412e+00
1.002727172604269690e+00
1.002729975508209970e+00
1.002730423427719675e+00
1.002730676086021067e+00
1.002731611215065932e+00
1.002731878805221966e+00
1.002733597996895876e+00
1.002734119020207704e+00
1.002734439946881606e+00
1.002736181435531337e+00
1.002736727040736131e+00
1.002737013234333174e+00
1.002738012745319818e+00
1.002738694750167303e+00
1.002739513770192437e+00
1.002740813616179505e+00
1.002740972872331549e+00
1.002740992587163094e+00
1.002741873248840454e+00
1.002742009195449757e+00
1.002742638530294439e+00
1.002742793938316224e+00
1.002742874956348507e+00
1.002743592417271179e+00
1.002745393054923717e+00
1.002747697474821509e+00
1.002747872847157051e+00
1.002749218237780848e+00
1.002750281108232500e+00
1.002751000961553007e+00
1.002752093022684976e+00
1.002755780178356426e+00
1.002756040776724866e+00
1.002756078652839777e+00
1.002760146250568862e+00
1.002761369650601919e+00
1.002763425528806485e+00
1.002763707140421845e+00
1.002768362436103455e+00
1.002771928350449260e+00
1.002771957045150097e+00
1.002772686083649889e+00
1.002775301284802634e+00
1.002777452664728841e+00
1.002778687759551257e+00
1.002780027009399166e+00
1.002790742512485123e+00
1.002794954447914666e+00
1.002797301878340486e+00
1.002799131790053977e+00
1.002802137962476525e+00
1.002805546455585395e+00
1.002809371100471525e+00
1.002812869468230339e+00
1.002824069015034736e+00
1.002824456819516152e+00
1.002828377539289884e+00
1.002829795576072103e+00
1.002833953004587997e+00
1.002834758279443239e+00
1.002847159106394104e+00
1.002847986204009834e+00
1.002854125043930900e+00
1.002854901453180680e+00
1.002861864008623316e+00
1.002862384950456098e+00
1.002862513603893335e+00
1.002864393524525166e+00
1.002865532593086861e+00
1.002867771634369243e+00
1.002869538606157462e+00
1.002873425741217739e+00
1.002874654817592637e+00
1.002875821168200732e+00
1.002879211214855459e+00
1.002880085818554923e+00
1.002881345059619234e+00
1.002881975104585877e+00
1.002886637775410872e+00
1.002889642119174640e+00
1.002893744824078892e+00
1.002903154609394942e+00
1.002904241102290595e+00
1.002905703464887610e+00
1.002907453718047570e+00
1.002914137875920986e+00
1.002915234618305673e+00
1.002925508507059860e+00
1.002926351018090356e+00
1.002927671797851472e+00
1.002929795518023415e+00
1.002934202401201125e+00
1.002934798713674081e+00
1.002937604544801520e+00
1.002938628176063940e+00
1.002938995743805073e+00
1.002941613982575975e+00
1.002945528987461810e+00
1.002945896314653140e+00
1.002947188366033471e+00
1.002953222808959932e+00
1.002953468763705835e+00
1.002956977265809790e+00
1.002957524442393833e+00
1.002957880542868940e+00
1.002959811872830675e+00
1.002961713789548126e+00
1.002961859691877677e+00
1.002962664261171977e+00
1.002964051868207251e+00
1.002965468891267697e+00
1.002968786972868065e+00
1.002971196852315394e+00
1.002972486953960685e+00
1.002972898449126182e+00
1.002974829688400016e+00
1.002977752584154780e+00
1.002978414618986847e+00
1.002979430411353068e+00
1.002980659600566815e+00
1.002981472430910070e+00
1.002982652925750839e+00
1.002983098219468294e+00
1.002983926120541769e+00
1.002986110601382652e+00
1.002987264893649311e+00
1.002988567215764348e+00
1.002992368650411636e+00
1.002993753161199875e+00
1.002994826598949452e+00
1.002999126767559757e+00
1.003009503984125139e+00
1.003011085099886790e+00
1.003017130773483645e+00
1.003017555339532185e+00
1.003020588798926749e+00
1.003022567822122513e+00
1.003023883012106765e+00
1.003025849198456720e+00
1.003027528837960425e+00
1.003028983591552681e+00
1.003029450537553435e+00
1.003031304943975410e+00
1.003032558253070139e+00
1.003034062391529480e+00
1.003034434816284959e+00
1.003037417075082871e+00
1.003038759352459897e+00
1.003039480114887860e+00
1.003040292342383344e+00
1.003041162997807767e+00
1.003041838626139270e+00
1.003043749564500597e+00
1.003043953686663547e+00
1.003044863829646527e+00
1.003047359189514820e+00
1.003048457046907371e+00
1.003049008983106782e+00
1.003050098387385791e+00
1.003051602410077958e+00
1.003052431894296603e+00
1.003052968290997216e+00
1.003054865458090861e+00
1.003055450999734699e+00
1.003055932754062907e+00
1.003056650329637867e+00
1.003060807447790692e+00
1.003061958139982890e+00
1.003062514467081057e+00
1.003063608648173899e+00
1.003064008820754305e+00
1.003064752225676370e+00
1.003066253599203872e+00
1.003066364833242519e+00
1.003067714686447287e+00
1.003070286588930715e+00
1.003070364375900470e+00
1.003070647106790059e+00
1.003071123464409409e+00
1.003071670703292728e+00
1.003074098724902274e+00
1.003074484128178678e+00
1.003076164004856219e+00
1.003076466501127806e+00
1.003080282325581107e+00
1.003082645237608928e+00
1.003083512983833581e+00
1.003084106446547441e+00
1.003086043485674317e+00
1.003086314321983252e+00
1.003090621941143734e+00
1.003093160955649266e+00
1.003095136579252644e+00
1.003097512497708621e+00
1.003101082715786685e+00
1.003101444439249645e+00
1.003103071347471342e+00
1.003104846637229874e+00
1.003107942245559325e+00
1.003108696250891496e+00
1.003110335251454988e+00
1.003111142142459444e+00
1.003112389372660562e+00
1.003113166459151051e+00
1.003114507615767703e+00
1.003115221861019091e+00
1.003116122687058631e+00
1.003117715581237190e+00
1.003120750490029911e+00
1.003120988411048131e+00
1.003128781016263682e+00
1.003133833212304982e+00
1.003135112489141667e+00
1.003136801481915752e+00
1.003139305191293573e+00
1.003142136869522583e+00
1.003142702751396831e+00
1.003145096013988713e+00
1.003146752591235424e+00
1.003148846902734981e+00
1.003150882628050189e+00
1.003152593348492161e+00
1.003153127639476727e+00
1.003156230772423996e+00
1.003156702840695136e+00
1.003157937970409419e+00
1.003158459032624572e+00
1.003159732371292856e+00
1.003162453343630967e+00
1.003162917961682998e+00
1.003163476231821116e+00
1.003167269259400696e+00
1.003168368821466983e+00
1.003168923720343608e+00
1.003169462133000511e+00
1.003171315304316691e+00
1.003174911416669701e+00
1.003177588493893380e+00
1.003178655603859548e+00
1.003178847988521305e+00
1.003179865637778834e+00
1.003180190492026558e+00
1.003182994925258420e+00
1.003183348538771114e+00
1.003184080582826487e+00
1.003185833761573997e+00
1.003186377080572678e+00
1.003186847275456373e+00
1.003187165849559026e+00
1.003190237046076572e+00
1.003194369011080500e+00
1.003195369836933359e+00
1.003195511309640464e+00
1.003195807937448336e+00
1.003199074847780592e+00
1.003203158197816691e+00
1.003204452709349548e+00
1.003205313693910972e+00
1.003206866991820156e+00
1.003207678617189069e+00
1.003207876762775230e+00
1.003211301103706710e+00
1.003211674702249034e+00
1.003215568719974637e+00
1.003215919839110404e+00
1.003217901327680961e+00
1.003219662991359895e+00
1.003220243976423509e+00
1.003221347638475702e+00
1.003223084265848719e+00
1.003225681946583236e+00
1.003229957700197073e+00
1.003231141182755692e+00
1.003231186156287480e+00
1.003231628228777650e+00
1.003232552843280834e+00
1.003233846638806881e+00
1.003234281903178315e+00
1.003235737110405035e+00
1.003238002893840353e+00
1.003238104620415294e+00
1.003238780106492367e+00
1.003239399956167288e+00
1.003240477376480921e+00
1.003241627938139313e+00
1.003242607457016433e+00
1.003242853467111839e+00
1.003244337614503490e+00
1.003245328938043857e+00
1.003246046872253938e+00
1.003246545148531732e+00
1.003246893852780985e+00
1.003247657515455415e+00
1.003249464960882298e+00
1.003249570656505663e+00
1.003251581109137147e+00
1.003253756485281922e+00
1.003254324883313897e+00
1.003256983452942785e+00
1.003257118415213700e+00
1.003257624501249445e+00
1.003259100735907072e+00
1.003259953314094233e+00
1.003261146838811957e+00
1.003262435946865150e+00
1.003262635290408378e+00
1.003264881137004849e+00
1.003265048149117211e+00
1.003266042797640978e+00
1.003266480101489444e+00
1.003268061502904818e+00
1.003269411565748781e+00
1.003269627292259436e+00
1.003270258719155095e+00
1.003270341467258797e+00
1.003273407169665399e+00
1.003274261748010376e+00
1.003275109265607812e+00
1.003276156277980613e+00
1.003276973145602380e+00
1.003277360181842104e+00
1.003277566861702219e+00
1.003278303425265250e+00
1.003279094227355284e+00
1.003279271623081392e+00
1.003280424085618794e+00
1.003280463603960504e+00
1.003281534010718623e+00
1.003282261408280363e+00
1.003282844320903200e+00
1.003282930816495000e+00
1.003283237757773394e+00
1.003285658149069004e+00
1.003286197603775909e+00
1.003286534535337893e+00
1.003287155156725063e+00
1.003288030161656019e+00
1.003288550522768663e+00
1.003289106504687611e+00
1.003289608171975544e+00
1.003289874366475543e+00
1.003291214157151945e+00
1.003292008810099611e+00
1.003292153903796446e+00
1.003292439047579032e+00
1.003292598076340747e+00
1.003294652299753009e+00
1.003295674781214286e+00
1.003295773388156009e+00
1.003297804660983061e+00
1.003298198902727867e+00
1.003300206170807840e+00
1.003302167843465487e+00
1.003303616282179789e+00
1.003304126769152482e+00
1.003305761480478564e+00
1.003306011996357938e+00
1.003306206994223349e+00
1.003307438251894723e+00
1.003308001289520801e+00
1.003309441942128011e+00
1.003310073224692678e+00
1.003310349982103888e+00
1.003313447722324225e+00
1.003314409482602088e+00
1.003314701243596341e+00
1.003314851185954870e+00
1.003315399939826102e+00
1.003320362272842381e+00
1.003320630507371636e+00
1.003336978309879113e+00
1.003337759916692162e+00
1.003340703782254595e+00
1.003343033782853277e+00
1.003347932696017519e+00
1.003348774145422118e+00
1.003350125708247553e+00
1.003351840612173085e+00
1.003352863608458101e+00
1.003355446849551136e+00
1.003356143396580302e+00
1.003356618430957470e+00
1.003361083766597384e+00
1.003361776637826219e+00
1.003362417377874127e+00
1.003363220316801474e+00
1.003365320402500815e+00
1.003369357336671097e+00
1.003370696134479489e+00
1.003371132217436124e+00
1.003375139928032622e+00
1.003376998621773541e+00
1.003377667351681213e+00
1.003380167323717043e+00
1.003380726615788143e+00
1.003381349726322869e+00
1.003383671556081547e+00
1.003384729810962384e+00
1.003389483215675337e+00
1.003391847349961896e+00
1.003392443554989022e+00
1.003392950614700796e+00
1.003394593283692071e+00
1.003395277739376867e+00
1.003401135135144839e+00
1.003401816954511583e+00
1.003403493512226463e+00
1.003407689756274701e+00
1.003409225216127520e+00
1.003415035012171108e+00
1.003420558598371315e+00
1.003421805333031935e+00
1.003422189157084032e+00
1.003422727150014460e+00
1.003424258929037638e+00
1.003426307551924745e+00
1.003427941051755479e+00
1.003428416865700390e+00
1.003432596084541162e+00
1.003434164611008761e+00
1.003436182366353568e+00
1.003438326967420302e+00
1.003440045753736243e+00
1.003441484113106963e+00
1.003446909343897353e+00
1.003451176824065483e+00
1.003452270420851722e+00
1.003457540656430336e+00
1.003458656101885449e+00
1.003464192770512797e+00
1.003466094786120699e+00
1.003467467275077629e+00
1.003473243887436306e+00
1.003476675169023835e+00
1.003477132025046625e+00
1.003485892651811984e+00
1.003487439997857722e+00
1.003489877666296604e+00
1.003492399442565519e+00
1.003495996247681044e+00
1.003500145583761993e+00
1.003504270072105520e+00
1.003507569547529510e+00
1.003510236322917359e+00
1.003512625793404167e+00
1.003514943214929511e+00
1.003517295244531038e+00
1.003518157385371312e+00
1.003519726082899410e+00
1.003522486095223876e+00
1.003522510873304352e+00
1.003523659648993149e+00
1.003524593381906582e+00
1.003525003237418112e+00
1.003527434015488717e+00
1.003530235479774824e+00
1.003530933925811164e+00
1.003533917087765737e+00
1.003536467570091739e+00
1.003540403731392860e+00
1.003540521508544670e+00
1.003541306669281319e+00
1.003544231006123777e+00
1.003544562000606932e+00
1.003548855127228245e+00
1.003549342697143354e+00
1.003549717690505938e+00
1.003549819584198977e+00
1.003551055481057830e+00
1.003551812953559219e+00
1.003553456175882985e+00
1.003555268058470284e+00
1.003555306627000210e+00
1.003556113509819436e+00
1.003558848312503526e+00
1.003560282209714050e+00
1.003560514906101320e+00
1.003564548623273156e+00
1.003565287995953570e+00
1.003566527550321830e+00
1.003568525378727649e+00
1.003571252935278491e+00
1.003572453730293912e+00
1.003575136186820149e+00
1.003577326041481310e+00
1.003577697405127589e+00
1.003579492867729073e+00
1.003580079314283058e+00
1.003580576320967754e+00
1.003582278307485920e+00
1.003584992590947689e+00
1.003587618501933898e+00
1.003587943494414603e+00
1.003590533567282561e+00
1.003591874361795089e+00
1.003593610225670840e+00
1.003594069563079616e+00
1.003594831109513086e+00
1.003595073415865402e+00
1.003595798391121452e+00
1.003598292384091817e+00
1.003604985506730163e+00
1.003605444498075538e+00
1.003605550795888979e+00
1.003606262849694009e+00
1.003607060293126851e+00
1.003611874430405004e+00
1.003615822284761538e+00
1.003616648317007254e+00
1.003620725364485544e+00
1.003620871035116213e+00
1.003621203812512297e+00
1.003623064106815344e+00
1.003624240566127979e+00
1.003624854160230395e+00
1.003625652189659156e+00
1.003627337186817847e+00
1.003628008521268544e+00
1.003631445329417504e+00
1.003632371169558946e+00
1.003635618936219220e+00
1.003636415794751713e+00
1.003636446430690610e+00
1.003636550203933497e+00
1.003639233987056345e+00
1.003640453931780252e+00
1.003641349542707006e+00
1.003641940341150951e+00
1.003644735964635881e+00
1.003645848922170680e+00
1.003647055846468517e+00
1.003647584521834668e+00
1.003648834706465154e+00
1.003650528763069483e+00
1.003650897975525869e+00
1.003652078020215610e+00
1.003653661687603060e+00
1.003653815222206314e+00
1.003654263738331665e+00
1.003654355547280552e+00
1.003654767579858387e+00
1.003655432728692620e+00
1.003656537930144310e+00
1.003656727719646868e+00
1.003657088798835195e+00
1.003657326726010490e+00
1.003658679763295147e+00
1.003659183520117848e+00
1.003660916068639608e+00
1.003661672985699305e+00
1.003664046425832179e+00
1.003664798079409115e+00
1.003665554202341603e+00
1.003666501898723640e+00
1.003668642622853602e+00
1.003671160037361121e+00
1.003672213954480918e+00
1.003674640041890553e+00
1.003677073404999120e+00
1.003678920962216337e+00
1.003680143295656357e+00
1.003681210502321841e+00
1.003685740353339240e+00
1.003685783087969075e+00
1.003689931890110687e+00
1.003691697427108620e+00
1.003695749321350306e+00
1.003695782138154025e+00
1.003698748124666418e+00
1.003703538536944384e+00
1.003704888659777916e+00
1.003707342528432855e+00
1.003717058124515393e+00
1.003718091101565957e+00
1.003719554982392959e+00
1.003721515706559542e+00
1.003725234350218765e+00
1.003728407776154796e+00
1.003732359725474810e+00
1.003733669216017255e+00
1.003740534914064675e+00
1.003745555934082212e+00
1.003749384386680266e+00
1.003757801516360626e+00
1.003759116667461981e+00
1.003761546836836382e+00
1.003764183731044479e+00
1.003765118025664593e+00
1.003779196260727646e+00
1.003780502526979923e+00
1.003782472519609614e+00
1.003783139016202197e+00
1.003796718445347569e+00
1.003797727209668311e+00
1.003807176263864287e+00
1.003814009654609096e+00
1.003814966932618402e+00
1.003820768489305681e+00
1.003832924373745161e+00
1.003835667452775526e+00
1.003842633171545318e+00
1.003843877243521421e+00
1.003845038079853591e+00
1.003848044222948710e+00
1.003849491636065183e+00
1.003855479638490644e+00
1.003858319985417413e+00
1.003859430816144371e+00
1.003860979273500487e+00
1.003868057959479199e+00
1.003868809226778902e+00
1.003870028015089400e+00
1.003871412677685537e+00
1.003873016502105031e+00
1.003873204670004293e+00
1.003877455774272676e+00
1.003878749699256723e+00
1.003880885724553806e+00
1.003882082522366881e+00
1.003882637645362008e+00
1.003883416162298703e+00
1.003885628746783221e+00
1.003886240993329571e+00
1.003888013429250048e+00
1.003889834817389914e+00
1.003890235334234715e+00
1.003891842599948570e+00
1.003895162075182368e+00
1.003898526566065819e+00
1.003898546392395952e+00
1.003899010825904492e+00
1.003900499425623538e+00
1.003901729366575291e+00
1.003903893064380881e+00
1.003904826684977269e+00
1.003906600588772013e+00
1.003912495803250371e+00
1.003914143579119234e+00
1.003917217182527688e+00
1.003921756609166493e+00
1.003922114191949211e+00
1.003923731782386364e+00
1.003924750174445268e+00
1.003930418262207525e+00
1.003934836509770223e+00
1.003938593785268729e+00
1.003940024860162872e+00
1.003940184545829117e+00
1.003940585910944039e+00
1.003946405909469597e+00
1.003955023872306729e+00
1.003956706403808408e+00
1.003960671902790258e+00
1.003964410341649627e+00
1.003966088108247279e+00
1.003966797661359767e+00
1.003970951817124035e+00
1.003972098137238866e+00
1.003972746140631145e+00
1.003978613250305019e+00
1.003980007306714883e+00
1.003980191583850656e+00
1.003982569173503370e+00
1.003986304827658715e+00
1.003990514178932703e+00
1.003991535572000382e+00
1.003992118257389432e+00
1.003996250598294449e+00
1.003997411379639049e+00
1.003998437990869297e+00
1.003999476717056805e+00
1.004002624781376918e+00
1.004004068514179338e+00
1.004007846705755158e+00
1.004008416722567354e+00
1.004008682650863404e+00
1.004010218560680068e+00
1.004011288883461805e+00
1.004011961125084618e+00
1.004013584229010325e+00
1.004013962184730380e+00
1.004014310191890802e+00
1.004015410616359683e+00
1.004017240322609528e+00
1.004019729965520691e+00
1.004020052704096333e+00
1.004020931364632663e+00
1.004021881327967103e+00
1.004024352053521918e+00
1.004027044915021927e+00
1.004028371525909069e+00
1.004031847178044945e+00
1.004039242730921710e+00
1.004040106604916716e+00
1.004041791906877146e+00
1.004043860477207506e+00
1.004046204800727704e+00
1.004048949584517514e+00
1.004053897854856769e+00
1.004057271744211777e+00
1.004057785580971807e+00
1.004060860128594301e+00
1.004061888559011573e+00
1.004062982069965582e+00
1.004063935973730892e+00
1.004065862497244943e+00
1.004067039713108622e+00
1.004073724619265251e+00
1.004075423315865079e+00
1.004075763925556863e+00
1.004080679668434062e+00
1.004082091053151604e+00
1.004085219967105091e+00
1.004088664181245205e+00
1.004089952149802123e+00
1.004094374298413417e+00
1.004096500313167439e+00
1.004096954826250165e+00
1.004098760571922933e+00
1.004101082388375143e+00
1.004103725123568269e+00
1.004107156746915308e+00
1.004107893308149535e+00
1.004111518834588601e+00
1.004117803161920230e+00
1.004118843079825574e+00
1.004122142025791975e+00
1.004122699040627786e+00
1.004124620179650984e+00
1.004124942643960905e+00
1.004125093937121571e+00
1.004125978553147780e+00
1.004126131169378322e+00
1.004128014499349408e+00
1.004130845254218141e+00
1.004131657906041086e+00
1.004134476558407263e+00
1.004134875396295312e+00
1.004140714895370712e+00
1.004144198189671711e+00
1.004146584749113780e+00
1.004147616527796050e+00
1.004150695463432497e+00
1.004154545229211992e+00
1.004155539787434215e+00
1.004158745250040896e+00
1.004160378532313436e+00
1.004162963719169355e+00
1.004166397293852597e+00
1.004171129930527817e+00
1.004171414417703634e+00
1.004174109693747763e+00
1.004175390559644443e+00
1.004176457398811229e+00
1.004181162971053087e+00
1.004187275280858938e+00
1.004189263045299763e+00
1.004195303256698368e+00
1.004204316904894645e+00
1.004205309129111656e+00
1.004208191056277233e+00
1.004211986897739717e+00
1.004223110116402307e+00
1.004228286857441477e+00
1.004234873958151475e+00
1.004235777080745295e+00
1.004238669379779791e+00
1.004248216276576899e+00
1.004248401487656928e+00
1.004249793919810063e+00
1.004262592940875720e+00
1.004263205633978639e+00
1.004291909181307840e+00
1.004295632285920448e+00
1.004296017197383817e+00
1.004300728022162970e+00
1.004304655536240043e+00
1.004307688765983642e+00
1.004318079207212833e+00
1.004322229509986286e+00
1.004325125822547182e+00
1.004337071703618189e+00
1.004342060948196336e+00
1.004343093865298187e+00
1.004344845544538511e+00
1.004344915663600180e+00
1.004347545047803880e+00
1.004349192034739158e+00
1.004349764008385160e+00
1.004349983526322765e+00
1.004357564921990909e+00
1.004358595578042079e+00
1.004363206056991142e+00
1.004363619990709777e+00
1.004363958831706594e+00
1.004366177393104298e+00
1.004369895763364218e+00
1.004370564649394781e+00
1.004373162139201803e+00
1.004378903117141508e+00
1.004381658404376321e+00
1.004381731996849769e+00
1.004381763897947089e+00
1.004382146727991199e+00
1.004383595713865374e+00
1.004387491945336830e+00
1.004390268549961052e+00
1.004391835456379001e+00
1.004392845606428386e+00
1.004393799551595912e+00
1.004393932084017838e+00
1.004396309691779399e+00
1.004399038423785306e+00
1.004399213180424688e+00
1.004404071765544471e+00
1.004404805561282199e+00
1.004406664960757256e+00
1.004408112279354892e+00
1.004411201465496006e+00
1.004419191704957637e+00
1.004419473113226324e+00
1.004419863215667563e+00
1.004426397257782266e+00
1.004427582558904852e+00
1.004430418692711546e+00
1.004432725570906015e+00
1.004433247548195851e+00
1.004436107713924775e+00
1.004438675675648929e+00
1.004439703591710309e+00
1.004441868568319407e+00
1.004442442844269534e+00
1.004444962579491341e+00
1.004446619551119690e+00
1.004447262980470601e+00
1.004448279788450415e+00
1.004450084076374372e+00
1.004450426895735493e+00
1.004453228381945618e+00
1.004453723422887412e+00
1.004455106180544011e+00
1.004455165567933683e+00
1.004456576040842375e+00
1.004458080395668196e+00
1.004459133404189686e+00
1.004461232652048563e+00
1.004465255916001443e+00
1.004466458159044118e+00
1.004466497955526672e+00
1.004468983888775924e+00
1.004470036568641200e+00
1.004470043258457901e+00
1.004471233950882114e+00
1.004471668915107641e+00
1.004472185382690341e+00
1.004473649136484514e+00
1.004481256782081333e+00
1.004483306784674124e+00
1.004484673696539154e+00
1.004486434701405972e+00
1.004487599799634312e+00
1.004487610402051478e+00
1.004488474432130962e+00
1.004490529474947103e+00
1.004499687151157339e+00
1.004500283010405726e+00
1.004502454472837147e+00
1.004503629115436780e+00
1.004504560724028162e+00
1.004524076166179780e+00
1.004526905722867403e+00
1.004532042781559387e+00
1.004533541895251236e+00
1.004534223712377994e+00
1.004535166848180783e+00
1.004538272715607361e+00
1.004538293312746244e+00
1.004539042882520716e+00
1.004540239421914949e+00
1.004544072020635781e+00
1.004548324630242906e+00
1.004548593490507846e+00
1.004551097666031012e+00
1.004552967036408839e+00
1.004554767306693241e+00
1.004555562602498897e+00
1.004557759904828984e+00
1.004575679135034205e+00
1.004577228864206528e+00
1.004579816826828287e+00
1.004582687732715307e+00
1.004582922074888529e+00
1.004585264294661107e+00
1.004588026493605790e+00
1.004589720930606944e+00
1.004591612956810875e+00
1.004591857797495935e+00
1.004604419654671066e+00
1.004607706413508827e+00
1.004609067442752579e+00
1.004610465591936341e+00
1.004613942110019531e+00
1.004617010499371244e+00
1.004617304661949317e+00
1.004623388636155745e+00
1.004625985013710032e+00
1.004627507710541101e+00
1.004630725295671212e+00
1.004631126422347531e+00
1.004632378330848619e+00
1.004635973843126751e+00
1.004638186655771426e+00
1.004643067719635185e+00
1.004645176201754309e+00
1.004648284518500967e+00
1.004652177136939217e+00
1.004655192230071936e+00
1.004656186601487811e+00
1.004656303296694420e+00
1.004656990271021177e+00
1.004662046859727154e+00
1.004663937154389508e+00
1.004664194982352710e+00
1.004667543959318898e+00
1.004669058523845138e+00
1.004669882123345515e+00
1.004671191975138766e+00
1.004671972508210054e+00
1.004672494263669780e+00
1.004673425797291797e+00
1.004674413151287915e+00
1.004679036586554552e+00
1.004681449190100384e+00
1.004685270129025865e+00
1.004687609270420667e+00
1.004688278072427332e+00
1.004695067150956023e+00
1.004695985994752405e+00
1.004705483439747082e+00
1.004709059367204116e+00
1.004713593499341417e+00
1.004718442980961912e+00
1.004721521081240354e+00
1.004723634525820364e+00
1.004725276059668992e+00
1.004725819023228883e+00
1.004727849011267882e+00
1.004733120777494104e+00
1.004733319157865790e+00
1.004734734393114559e+00
1.004736407964891498e+00
1.004738146188267844e+00
1.004739312426665476e+00
1.004740650517189415e+00
1.004740933370759315e+00
1.004740998964741561e+00
1.004743281335055860e+00
1.004743966398499389e+00
1.004746983885161260e+00
1.004749038480952761e+00
1.004751022455924181e+00
1.004753188354303939e+00
1.004757278612841809e+00
1.004758292341419557e+00
1.004769131528704174e+00
1.004770869596571803e+00
1.004772334697463299e+00
1.004776179019589488e+00
1.004776432775706940e+00
1.004779124512340305e+00
1.004781457542255341e+00
1.004785122733069302e+00
1.004786916148685538e+00
1.004790251298863568e+00
1.004792700262970628e+00
1.004793371970913451e+00
1.004796299611693478e+00
1.004796379950237295e+00
1.004797386535102532e+00
1.004797691770768164e+00
1.004798122885817824e+00
1.004798732910430648e+00
1.004802230839552779e+00
1.004802494189636075e+00
1.004808301986628072e+00
1.004809086367225657e+00
1.004810890487598529e+00
1.004814019881014042e+00
1.004817634672781512e+00
1.004823738351079410e+00
1.004840395128359765e+00
1.004842884642663137e+00
1.004849732267191209e+00
1.004850245046938539e+00
1.004870116112071665e+00
1.004870752749211338e+00
1.004882267515701644e+00
1.004884232262584609e+00
1.004893579653300506e+00
1.004895249153511694e+00
1.004895852920943300e+00
1.004898004888841845e+00
1.004898610935389458e+00
1.004912275997846827e+00
1.004913364279621746e+00
1.004918886144484658e+00
1.004927647769186860e+00
1.004941079718409958e+00
1.004970395283694362e+00
1.004974001548269547e+00
1.004986049770780987e+00
1.004989965460477253e+00
1.004990484509094673e+00
1.004991176506193851e+00
1.004991438857232300e+00
1.004996160627289692e+00
1.005000039047196037e+00
1.005003589487854843e+00
1.005005369903337664e+00
1.005020083636462669e+00
1.005025877707940385e+00
1.005030584797980131e+00
1.005034977832381271e+00
1.005040623422173596e+00
1.005041838765803108e+00
1.005042815392580557e+00
1.005050793138902110e+00
1.005054315800401499e+00
1.005076028788215448e+00
1.005082057389313110e+00
1.005084919566532786e+00
1.005085159284098140e+00
1.005087984006860502e+00
1.005096341974191176e+00
1.005102886687575525e+00
1.005103760181508266e+00
1.005104586523694943e+00
1.005105799145649126e+00
1.005107909588871751e+00
1.005108864024975457e+00
1.005109030855425800e+00
1.005131251469487452e+00
1.005162132275945641e+00
1.005165590641275086e+00
1.005167929490603962e+00
1.005177030867709043e+00
1.005183732154926401e+00
1.005184698904342921e+00
1.005190482081855796e+00
1.005191023418982033e+00
1.005197469945244615e+00
1.005209829797926613e+00
1.005219725737972025e+00
1.005227820029783947e+00
1.005241331116986547e+00
1.005252758787164469e+00
1.005255051610769446e+00
1.005259311113263498e+00
1.005261218360640640e+00
1.005268362106953584e+00
1.005274225854116743e+00
1.005275732696853996e+00
1.005283577688492302e+00
1.005284389976460746e+00
1.005340494753433900e+00
1.005352927936538965e+00
1.005354979129184256e+00
1.005356548721189514e+00
1.005373207809860059e+00
1.005376091079456691e+00
1.005382933740637030e+00
1.005394107448551955e+00
1.005477074485236821e+00
1.005481174491688279e+00
1.005482097054914314e+00
1.005495965914289247e+00
1.005497433081034231e+00
1.005501782737663996e+00
1.005502835003111883e+00
1.005507562783245268e+00
1.005518451358745624e+00
1.005533504691210833e+00
1.005557528945880907e+00
1.005560899381987117e+00
1.005589379770589487e+00
1.005596700067160620e+00
1.005598625486338271e+00
1.005603927523268881e+00
1.005626933090004727e+00
1.005642697324571122e+00
1.005642977913242975e+00
1.005643992935366660e+00
1.005651433073722734e+00
1.005658936913031098e+00
1.005666617940161656e+00
1.005679922315440455e+00
1.005690162135623122e+00
1.005712658305103258e+00
1.005808534788296793e+00
1.005811246729932495e+00
1.005821187350017798e+00
1.005824981745604640e+00
1.005842819970011126e+00
1.005846196362398803e+00
1.005859946834592789e+00
1.005864480896028867e+00
1.005902065482426888e+00
1.005914804009850450e+00
1.005943450338981915e+00
1.005944720823314542e+00
1.005949552630633015e+00
1.006020280697528912e+00
1.006022689978736340e+00
1.006027624491319772e+00
1.006030760291493076e+00
1.006030959845628514e+00
1.006032893620032675e+00
1.006046076777630471e+00
1.006051764304866092e+00
1.006053381041347006e+00
1.006054552150410286e+00
1.006055242636850977e+00
1.006057630100240408e+00
1.006059078396535300e+00
1.006061425378858232e+00
1.006072510085107563e+00
1.006077553281038206e+00
1.006080348344428721e+00
1.006085753717010700e+00
1.006096728322578127e+00
1.006098207579738668e+00
1.006104571276533299e+00
1.006106430781436689e+00
1.006109779228165912e+00
1.006119149534434154e+00
1.006137895738891119e+00
1.006138262772610537e+00
1.006141790824450322e+00
1.006151406862324071e+00
1.006160888165452016e+00
1.006164135067783461e+00
1.006165630824356505e+00
1.006179729377367327e+00
1.006186130149269609e+00
1.006192857240880922e+00
1.006193856391424557e+00
1.006197393228330572e+00
1.006198809960747065e+00
1.006208861070934546e+00
1.006210919395902570e+00
1.006224577460479885e+00
1.006232119447150408e+00
1.006239125540405732e+00
1.006247954751781748e+00
1.006269516819025212e+00
1.006275804506549409e+00
1.006292895237977492e+00
1.006298424168644789e+00
1.006303194643676457e+00
1.006304429434814018e+00
1.006306015588873892e+00
1.006309263377392016e+00
1.006316026756151061e+00
1.006318082143526027e+00
1.006329375391729508e+00
1.006331204935007495e+00
1.006335801796542917e+00
1.006344985348865073e+00
1.006357253423210585e+00
1.006359356159260976e+00
1.006364649200062855e+00
1.006369964596787625e+00
1.006371829639148174e+00
1.006373837340435839e+00
1.006378212839582398e+00
1.006386913873444033e+00
1.006404301830103876e+00
1.006410135414953277e+00
1.006413773633043407e+00
1.006414181421255494e+00
1.006415395008906311e+00
1.006420217636915915e+00
1.006422760567713626e+00
1.006427899813216564e+00
1.006447329422134107e+00
1.006447954690999902e+00
1.006449817913499967e+00
1.006453131845550297e+00
1.006477748314337006e+00
1.006479767386273760e+00
1.006483872184990469e+00
1.006490033704066978e+00
1.006490256583152165e+00
1.006492150685410536e+00
1.006494723885472675e+00
1.006505704150245872e+00
1.006511622135600970e+00
1.006512598472372844e+00
1.006517521593469633e+00
1.006526528516158203e+00
1.006538836659240266e+00
1.006544348231861008e+00
1.006546977734728232e+00
1.006562386074459026e+00
1.006575750278669412e+00
1.006576649133392509e+00
1.006584189851294608e+00
1.006588075454833309e+00
1.006604043557125960e+00
1.006607584579741088e+00
1.006609382543106390e+00
1.006610619006894858e+00
1.006612357770259480e+00
1.006616073276893397e+00
1.006617910076434086e+00
1.006618240030451306e+00
1.006624637917932885e+00
1.006625955537345796e+00
1.006637547266777899e+00
1.006639433327649824e+00
1.006642689177978722e+00
1.006645918789982108e+00
1.006650599050073591e+00
1.006654056859767943e+00
1.006662364499668616e+00
1.006664392114637652e+00
1.006672617831101180e+00
1.006676782650380408e+00
1.006682915142143253e+00
1.006687902169621784e+00
1.006692851199082916e+00
1.006696858191322930e+00
1.006702934432345042e+00
1.006704840256985367e+00
1.006712678792828664e+00
1.006717924129103325e+00
1.006720924005783946e+00
1.006721804959829658e+00
1.006727065465921278e+00
1.006733847636670509e+00
1.006748322316481259e+00
1.006751838025746526e+00
1.006784099879052929e+00
1.006787378167241398e+00
1.006789974028453827e+00
1.006804199867368910e+00
1.006808956045474046e+00
1.006815109891841198e+00
1.006848257181765183e+00
1.006858528017644971e+00
1.006876486336809595e+00
1.006880077046286681e+00
1.006880925572710472e+00
1.006884757818046872e+00
1.006895162132968480e+00
1.006898942756029980e+00
1.006901958126665164e+00
1.006914928506108975e+00
1.006926717397912618e+00
1.006942211005408483e+00
1.006951655819123381e+00
1.006955405690019401e+00
1.006962193966407293e+00
1.006964342602184592e+00
1.006969743842663911e+00
1.006986887536053477e+00
1.006997341768836707e+00
1.007000070185891216e+00
1.007007483092805522e+00
1.007013421523285768e+00
1.007047923888881868e+00
1.007060101413749686e+00
1.007067682658549179e+00
1.007070492199599432e+00
1.007074407607296607e+00
1.007076104465894018e+00
1.007078644060731554e+00
1.007082898038806906e+00
1.007087019262577154e+00
1.007088593377803099e+00
1.007088823468871963e+00
1.007090084782075623e+00
1.007098987310129479e+00
1.007099814163397111e+00
1.007105160096476437e+00
1.007106128253462574e+00
1.007114083342797617e+00
1.007115580125453880e+00
1.007122034632656815e+00
1.007125170045920504e+00
1.007132694561424069e+00
1.007150449722249208e+00
1.007201785946111761e+00
1.007203638846360771e+00
1.007210632671258654e+00
1.007227899457899589e+00
1.007231408451600307e+00
1.007242080050810173e+00
1.007242373717714967e+00
1.007247889251663864e+00
1.007248599066840056e+00
1.007257658365204644e+00
1.007295075080820723e+00
1.007298506034599361e+00
1.007315446897027122e+00
1.007332802004183181e+00
1.007335377623549633e+00
1.007335797581454973e+00
1.007347414514782491e+00
1.007349854648264431e+00
1.007360323677148450e+00
1.007368536030421868e+00
1.007409166628033592e+00
1.007416454377005666e+00
1.007486641883603040e+00
1.007493303524508610e+00
1.007532234766842727e+00
1.007540181957892855e+00
1.007543719626948553e+00
1.007545139261986744e+00
1.007547801168122925e+00
1.007552139772772026e+00
1.007556019068204911e+00
1.007573120054787497e+00
1.007585059519772619e+00
1.007600312062868708e+00
1.007611870914664198e+00
1.007622076695151137e+00
1.007624791087542881e+00
1.007625421644099406e+00
1.007629327342830727e+00
1.007658707784982566e+00
1.007671549739840966e+00
1.007687240482536550e+00
1.007688580790437216e+00
1.007689090446417746e+00
1.007785235060248752e+00
1.007807935925573606e+00
1.007930778235787139e+00
1.007947864619977096e+00
1.008023987478242844e+00
1.008041832542771132e+00
1.008065737052807886e+00
1.008068869758785180e+00
1.008192311261097096e+00
1.008202526141023236e+00
1.008296660308283244e+00
1.008329728834457928e+00
1.008507166111012543e+00
1.008521178389572226e+00
1.012164220561099892e+00
1.012964434186196083e+00
1.014860843323634576e+00
1.014886030793050953e+00
1.014903987565081378e+00
1.014960862939639608e+00
1.014966274524049306e+00
1.015025421758586344e+00
1.015050371080855829e+00
1.015104252555169451e+00
1.015110272355657317e+00
1.015126791389351579e+00
1.015135885488829270e+00
1.015157696206216320e+00
1.015160816238382280e+00
