8.495586581936169729e-05
7.083531418562660992e-04
1.040212360737288386e-02
1.779146072344694671e-02
6.241477880632263775e-02
9.326431529653538000e-02
2.681110970193160692e-01
3.241556080371286730e-01
3.327608664917803827e-01
4.024290444256259369e-01
4.747858177559799997e-01
5.556806573377133240e-01
6.513673651839838596e-01
7.177977997925862885e-01
7.182714544905417497e-01
7.286001269628050725e-01
7.482542298500794997e-01
7.849170112257846110e-01
8.335557394121709818e-01
8.355261478838200695e-01
8.381369864541439174e-01
8.661977689158731897e-01
8.703212022884542209e-01
8.767379866469671157e-01
8.868745078398940773e-01
8.971059335850432026e-01
9.016022098539157037e-01
9.267410996333086404e-01
9.341676235922231619e-01
9.357750607677578492e-01
9.381568472372151524e-01
9.416856063080925043e-01
9.495803583417098404e-01
9.525037743158555337e-01
9.563682914304076910e-01
9.568583376279468089e-01
9.581450326451538269e-01
9.671588062057883128e-01
9.673318069341509950e-01
9.674243885104737428e-01
9.698970692734314447e-01
9.714468112548347856e-01
9.759462664409846999e-01
9.774781084107160289e-01
9.818350012038019603e-01
9.829647935643304191e-01
9.839891894610109935e-01
9.865614178449566563e-01
9.877546026981378624e-01
9.878489103285655881e-01
9.884509441776658800e-01
9.886918640250613732e-01
9.894351889606300965e-01
9.907796969523283703e-01
9.910904602294117183e-01
9.918754712953330444e-01
9.927566905043285761e-01
9.928429788970178915e-01
9.934578326402941917e-01
9.935549974779323001e-01
9.945563679177490402e-01
9.950820548036092283e-01
9.954729459195666985e-01
9.960038198479146399e-01
9.962357944427446821e-01
9.967016244766787603e-01
9.976132186614345976e-01
9.977631606476018433e-01
9.982678634316164423e-01
9.982771445666865917e-01
9.984000851370489205e-01
9.985460497832732152e-01
9.993000588340552603e-01
9.993726341146629277e-01
9.993877926935487155e-01
9.993901007272087966e-01
9.994837633033628599e-01
9.995066278038308161e-01
9.997061360620536075e-01
9.998459272096303918e-01
9.999543841414635370e-01
1.000156163631010342e+00
1.000418368019735382e+00
1.000606114885662423e+00
1.000611469149236710e+00
1.000762693344960486e+00
1.000981420639981634e+00
1.001021840706913135e+00
1.001041332981551069e+00
1.001155974852547592e+00
1.001200024890513518e+00
1.001255067735490778e+00
1.001283502673621983e+00
1.001283622601212286e+00
1.001283737871318635e+00
1.001283966233171174e+00
1.001284089299561364e+00
1.001284205321366194e+00
1.001284249060177212e+00
1.001284771082752156e+00
1.001285208588633902e+00
1.001287181425343453e+00
1.001287506290500007e+00
1.001292021966897705e+00
1.001293843470977052e+00
1.001306750949954694e+00
1.001310486661594279e+00
1.001311742433238727e+00
1.001313440259720799e+00
1.001314088311676009e+00
1.001314247107649269e+00
1.001314761202717563e+00
1.001314859845153338e+00
1.001315126684792611e+00
1.001315166628882869e+00
1.001315364859061807e+00
1.001315586060474772e+00
1.001315980933152217e+00
1.001316389748998503e+00
1.001316717927666966e+00
1.001316836507518904e+00
1.001317575942631599e+00
1.001317998063820491e+00
1.001318717238589784e+00
1.001320019826739793e+00
1.001321575419529486e+00
1.001321611852670213e+00
1.001322806351813810e+00
1.001323225602221090e+00
1.001323458631826258e+00
1.001323956968551698e+00
1.001324112470789007e+00
1.001324273046483526e+00
1.001324314189349529e+00
1.001324437034066150e+00
1.001324577081894818e+00
1.001327924582452678e+00
1.001329104082011368e+00
1.001329184395070682e+00
1.001329654781656142e+00
1.001330925808251671e+00
1.001331944440009281e+00
1.001332163600797687e+00
1.001332556650972094e+00
1.001333009067276070e+00
1.001333335280017556e+00
1.001333549058988526e+00
1.001333992700966569e+00
1.001334517646561784e+00
1.001334702816315536e+00
1.001334940544384988e+00
1.001335003947173563e+00
1.001335330076373431e+00
1.001335907269245151e+00
1.001336730549790888e+00
1.001337273680023010e+00
1.001337748414882212e+00
1.001338609025646420e+00
1.001340358906342543e+00
1.001340829059542914e+00
1.001341491896776459e+00
1.001342281888371044e+00
1.001342661937561607e+00
1.001343522723558754e+00
1.001343726138171242e+00
1.001343921223797340e+00
1.001343983469456633e+00
1.001344517029160164e+00
1.001345733119000991e+00
1.001346025820836871e+00
1.001346161058969786e+00
1.001346244518701578e+00
1.001346628636901492e+00
1.001346693092872497e+00
1.001346990768864353e+00
1.001347386742990730e+00
1.001347399802804850e+00
1.001347499196517665e+00
1.001347874449909581e+00
1.001348511812265585e+00
1.001348795817523119e+00
1.001348971562105117e+00
1.001350001691888592e+00
1.001350202520967514e+00
1.001350958140550196e+00
1.001351113508301083e+00
1.001352596911021298e+00
1.001353611858093906e+00
1.001354968831123182e+00
1.001355369581417687e+00
1.001356043151948594e+00
1.001357038422072243e+00
1.001357501057349664e+00
1.001358064395759362e+00
1.001358412024016875e+00
1.001359041798998595e+00
1.001359214757297833e+00
1.001359276241361007e+00
1.001359661882069929e+00
1.001359751650318763e+00
1.001360443341244411e+00
1.001360517252501303e+00
1.001360581529851412e+00
1.001360871565697419e+00
1.001360935997066770e+00
1.001361179066916129e+00
1.001361532139476873e+00
1.001361560580841692e+00
1.001361787421550131e+00
1.001362026829382801e+00
1.001362440651989427e+00
1.001362960571649863e+00
1.001363042238956780e+00
1.001363314368774349e+00
1.001363751424554138e+00
1.001364051897548402e+00
1.001364781737915211e+00
1.001364875570823099e+00
1.001365371710114527e+00
1.001365427414908416e+00
1.001366315039725841e+00
1.001366782799424815e+00
1.001366973398735816e+00
1.001367184644738728e+00
1.001367245562239772e+00
1.001367492096585154e+00
1.001367692182189906e+00
1.001367934787130487e+00
1.001368125262415365e+00
1.001368256825590830e+00
1.001368479973918424e+00
1.001368680761291374e+00
1.001369256673692476e+00
1.001369642336098265e+00
1.001369756340236172e+00
1.001370071881274582e+00
1.001370521354913334e+00
1.001371064285302426e+00
1.001372968759405735e+00
1.001373144725761222e+00
1.001373346395953101e+00
1.001373481448930125e+00
1.001374173910410725e+00
1.001374278680571051e+00
1.001374365821561918e+00
1.001374507998229246e+00
1.001375714656360882e+00
1.001375783502909123e+00
1.001375907956378208e+00
1.001376158780016956e+00
1.001376580246580161e+00
1.001376957506819876e+00
1.001377670610388737e+00
1.001377805678460131e+00
1.001380250596791255e+00
1.001380729586785145e+00
1.001382002254411319e+00
1.001383475835544212e+00
1.001383934829699784e+00
1.001384437088691515e+00
1.001384628697251200e+00
1.001384657982679505e+00
1.001384981891884518e+00
1.001385078170764720e+00
1.001385322108690357e+00
1.001385545094183094e+00
1.001385739136488651e+00
1.001385790900875428e+00
1.001386100838258297e+00
1.001386603044519763e+00
1.001386877199131664e+00
1.001387197636275594e+00
1.001387742799051628e+00
1.001388085340320977e+00
1.001389270385184993e+00
1.001389328988960159e+00
1.001389419243911227e+00
1.001389764720497677e+00
1.001390013542616364e+00
1.001390150271974422e+00
1.001390531968436193e+00
1.001390831014106197e+00
1.001391445950090997e+00
1.001391767153811507e+00
1.001394833524778205e+00
1.001395240299220335e+00
1.001395443397836704e+00
1.001395925845188550e+00
1.001396031905204431e+00
1.001398478478162435e+00
1.001398690493726873e+00
1.001402536313413805e+00
1.001403368309785158e+00
1.001405086965943436e+00
1.001405571807790773e+00
1.001406087787659382e+00
1.001407929357183368e+00
1.001408567650604375e+00
1.001409360833235285e+00
1.001409604211497717e+00
1.001409772006247145e+00
1.001409853381925563e+00
1.001409901612314357e+00
1.001410294368581644e+00
1.001410608360488785e+00
1.001410934444998180e+00
1.001411280360966938e+00
1.001411368383569478e+00
1.001411562162036750e+00
1.001411849518469621e+00
1.001411911232550578e+00
1.001412271087669836e+00
1.001412329233517085e+00
1.001412645816194491e+00
1.001412673602603887e+00
1.001413198583412711e+00
1.001413297301145144e+00
1.001413560675189496e+00
1.001413954734558631e+00
1.001414185259475786e+00
1.001414439221644415e+00
1.001414681124349393e+00
1.001415140123260938e+00
1.001415194045103707e+00
1.001415315285277163e+00
1.001416408390416235e+00
1.001417163061086635e+00
1.001418595419149682e+00
1.001420256894602234e+00
1.001420555081373953e+00
1.001420879428521982e+00
1.001420948239384545e+00
1.001421069530756380e+00
1.001421504154348163e+00
1.001421609437222804e+00
1.001422013214105178e+00
1.001422681254633851e+00
1.001422801322891631e+00
1.001422880199067222e+00
1.001422902407926196e+00
1.001422945947408882e+00
1.001423042598533542e+00
1.001424977588674325e+00
1.001425087098534839e+00
1.001425487984047402e+00
1.001425591771335277e+00
1.001425667987788426e+00
1.001426138221737983e+00
1.001426429769302962e+00
1.001426865552268675e+00
1.001427650776542277e+00
1.001427950154146540e+00
1.001428051686855003e+00
1.001428491933192610e+00
1.001428613083360064e+00
1.001428631542250702e+00
1.001428718422994857e+00
1.001428786119496817e+00
1.001428923248105285e+00
1.001429013445621852e+00
1.001429178211878268e+00
1.001429318992546058e+00
1.001429448016118329e+00
1.001429894755169636e+00
1.001430472064169352e+00
1.001430715543148553e+00
1.001431148473347799e+00
1.001431802349745048e+00
1.001432087496699097e+00
1.001432587121244833e+00
1.001433140830057411e+00
1.001433289392914094e+00
1.001433333932924663e+00
1.001433364199058262e+00
1.001433479234746571e+00
1.001433524399121922e+00
1.001433609786250623e+00
1.001433727200131907e+00
1.001433794894213136e+00
1.001433838630934048e+00
1.001433909185783566e+00
1.001433956358354971e+00
1.001434181619626385e+00
1.001434538719631062e+00
1.001434739003837171e+00
1.001434970845126449e+00
1.001435026436293896e+00
1.001435303734888205e+00
1.001435433500332373e+00
1.001435479232817061e+00
1.001435596505490411e+00
1.001435639380550358e+00
1.001435956992786203e+00
1.001435978039092012e+00
1.001436095407001403e+00
1.001436202911871742e+00
1.001436442774478408e+00
1.001436562296343036e+00
1.001436631611656969e+00
1.001436971158586653e+00
1.001436999576534426e+00
1.001437094509214809e+00
1.001437221870749017e+00
1.001437409886150043e+00
1.001437591003536465e+00
1.001437679988612883e+00
1.001437779688209906e+00
1.001438116943724976e+00
1.001438424631878155e+00
1.001438430589823625e+00
1.001438735089125398e+00
1.001438884736489232e+00
1.001439170753783525e+00
1.001439570458110273e+00
1.001439673381723905e+00
1.001440846720144773e+00
1.001441366787160225e+00
1.001441636380401734e+00
1.001441794533691088e+00
1.001442408746637591e+00
1.001442502178147453e+00
1.001442743754989317e+00
1.001443102223625203e+00
1.001443477633481960e+00
1.001444020412042502e+00
1.001444347226081888e+00
1.001444412933738093e+00
1.001444690959208961e+00
1.001445148404986885e+00
1.001445417469870591e+00
1.001445516216961096e+00
1.001445700376746739e+00
1.001446014451766731e+00
1.001446237102073367e+00
1.001446489832014564e+00
1.001446612384824242e+00
1.001446875464769626e+00
1.001446888943017699e+00
1.001446925140952127e+00
1.001447518353152377e+00
1.001448132258763168e+00
1.001448221221757251e+00
1.001448280098392818e+00
1.001448630848393195e+00
1.001449208077436870e+00
1.001449369228590625e+00
1.001449655571150954e+00
1.001449717145418195e+00
1.001449820652541733e+00
1.001450273428462268e+00
1.001450293759252208e+00
1.001450607941184678e+00
1.001450709905960412e+00
1.001451063718701961e+00
1.001451310889834634e+00
1.001451577449524288e+00
1.001451716488956922e+00
1.001451961510277933e+00
1.001452463059238518e+00
1.001452634412943521e+00
1.001452938584738828e+00
1.001453123617245700e+00
1.001453155269560469e+00
1.001453294514672354e+00
1.001453434179412794e+00
1.001453799709506098e+00
1.001453885530038779e+00
1.001453902786627381e+00
1.001454100604880049e+00
1.001454193625026301e+00
1.001454241563269010e+00
1.001454300226187089e+00
1.001454398396191214e+00
1.001454614077961880e+00
1.001454748278647111e+00
1.001454779686376417e+00
1.001454824226986728e+00
1.001454975748975240e+00
1.001455038881247539e+00
1.001455372239763886e+00
1.001455434877249751e+00
1.001455575922614916e+00
1.001456041503726357e+00
1.001456231230466676e+00
1.001456567979987389e+00
1.001456728002360297e+00
1.001457066930619755e+00
1.001457274214937909e+00
1.001457292878419114e+00
1.001457401726220331e+00
1.001457885302571293e+00
1.001458347980237473e+00
1.001458435052800411e+00
1.001458617956054065e+00
1.001458645401615888e+00
1.001458942375226702e+00
1.001459298149820265e+00
1.001459322302454380e+00
1.001459485094592594e+00
1.001460079999986430e+00
1.001460303169069199e+00
1.001461742014675860e+00
1.001462088983872123e+00
1.001462162448822912e+00
1.001462226341385486e+00
1.001462864258253038e+00
1.001463011441047435e+00
1.001463673843576263e+00
1.001463814939810071e+00
1.001463997252929339e+00
1.001464287325570357e+00
1.001464531497488597e+00
1.001465055958436379e+00
1.001466115859662498e+00
1.001466559332634843e+00
1.001472192052443200e+00
1.001475445772910255e+00
1.001475833368388635e+00
1.001476169856118759e+00
1.001476903723480083e+00
1.001478515569057537e+00
1.001480229333854499e+00
1.001480286015850041e+00
1.001481060262890743e+00
1.001482499075491139e+00
1.001484256354088664e+00
1.001485610007265992e+00
1.001489622275801405e+00
1.001490258206989337e+00
1.001492784857605400e+00
1.001496733195647026e+00
1.001499108560169660e+00
1.001500009560561288e+00
1.001502807466246647e+00
1.001504530572459917e+00
1.001509320259716729e+00
1.001509796408364128e+00
1.001523811600154801e+00
1.001525288924097978e+00
1.001525814520365820e+00
1.001526267339138077e+00
1.001527181062732641e+00
1.001527741864457033e+00
1.001528497759922809e+00
1.001529146378227431e+00
1.001529819625380124e+00
1.001530634030382005e+00
1.001532568085426123e+00
1.001534616832493452e+00
1.001536087327220548e+00
1.001537675277937023e+00
1.001539831903800248e+00
1.001545580195707386e+00
1.001552608239744568e+00
1.001557725078112471e+00
1.001560718909431769e+00
1.001564551721560781e+00
1.001565837815693749e+00
1.001567734426240586e+00
1.001568422136175140e+00
1.001570215731790503e+00
1.001570303135928208e+00
1.001571705533992551e+00
1.001572408270680059e+00
1.001573274415558101e+00
1.001573471575340157e+00
1.001574174007690887e+00
1.001575454725756487e+00
1.001575858714838230e+00
1.001576109295267081e+00
1.001577771525076876e+00
1.001578674036432082e+00
1.001579973674694424e+00
1.001581335468568090e+00
1.001581969290666452e+00
1.001583127452519761e+00
1.001583992786096333e+00
1.001584431659147123e+00
1.001585132859323934e+00
1.001586269139797425e+00
1.001588144334420782e+00
1.001589173085105644e+00
1.001592012494679107e+00
1.001594246914880415e+00
1.001613724064423394e+00
1.001619111715267296e+00
1.001622325022984761e+00
1.001631382548600735e+00
1.001635195045997628e+00
1.001635842849002422e+00
1.001638171046715931e+00
1.001638647027526252e+00
1.001639075375249099e+00
1.001639598945005982e+00
1.001639703574630502e+00
1.001640847770299603e+00
1.001642442425898505e+00
1.001643351552556016e+00
1.001643548702042086e+00
1.001644580482368596e+00
1.001645331317654763e+00
1.001645997811837718e+00
1.001646826598500128e+00
1.001647769406709187e+00
1.001650127177820870e+00
1.001651390681055576e+00
1.001653651807635104e+00
1.001654836607817955e+00
1.001657825496517162e+00
1.001658471585800569e+00
1.001661161541988365e+00
1.001663592493062360e+00
1.001665438269968789e+00
1.001667865047706663e+00
1.001669853723998305e+00
1.001670496881843286e+00
1.001674664073823218e+00
1.001689362078123979e+00
1.001690938088499960e+00
1.001691102679340251e+00
1.001691650750414553e+00
1.001692507386880315e+00
1.001693293391466399e+00
1.001694677161719671e+00
1.001695951578688293e+00
1.001696524497838192e+00
1.001698189393047222e+00
1.001699375913233103e+00
1.001700870569230295e+00
1.001702783905847438e+00
1.001703312871851548e+00
1.001703591834641083e+00
1.001704802397144878e+00
1.001705567438915923e+00
1.001707654698496430e+00
1.001708426107187799e+00
1.001709195802637620e+00
1.001709885833300007e+00
1.001713930915639095e+00
1.001715071615240094e+00
1.001715568942844525e+00
1.001715810807368712e+00
1.001716405379565744e+00
1.001717956913303675e+00
1.001718985589459709e+00
1.001719862034004871e+00
1.001723273801715219e+00
1.001724204348291680e+00
1.001725747679159229e+00
1.001727075759643482e+00
1.001727517847721627e+00
1.001727835939473676e+00
1.001728469843632841e+00
1.001729120705670439e+00
1.001730758348696071e+00
1.001730860229040454e+00
1.001731323954525354e+00
1.001731418273377638e+00
1.001731473738383338e+00
1.001731951120328867e+00
1.001732523184822865e+00
1.001732723330157615e+00
1.001733786657914349e+00
1.001733996959388584e+00
1.001734186693739259e+00
1.001734414140643903e+00
1.001735055067801916e+00
1.001736388029508484e+00
1.001737466890487482e+00
1.001738689090874379e+00
1.001739693105090145e+00
1.001740373875072754e+00
1.001740626234313369e+00
1.001741173388422501e+00
1.001741956320195248e+00
1.001743201213798784e+00
1.001743276096310975e+00
1.001744738758456599e+00
1.001745205212612122e+00
1.001745478435043912e+00
1.001746816577110621e+00
1.001748038598209156e+00
1.001748591892586804e+00
1.001748801980487213e+00
1.001749333072068593e+00
1.001749627821432398e+00
1.001749996077065941e+00
1.001750202410911506e+00
1.001750373955595075e+00
1.001750795235606395e+00
1.001750922157719215e+00
1.001751113832015427e+00
1.001751343571161579e+00
1.001751995161243025e+00
1.001752254037295620e+00
1.001752334106692732e+00
1.001752460915364740e+00
1.001752946920387854e+00
1.001753002543407822e+00
1.001753318844353924e+00
1.001753456274775411e+00
1.001753703375769078e+00
1.001754278238869533e+00
1.001754489868756037e+00
1.001754535753170527e+00
1.001754757352195879e+00
1.001755196465831776e+00
1.001755636386105541e+00
1.001756151898344660e+00
1.001756452749219317e+00
1.001756670921621684e+00
1.001757134004668925e+00
1.001757289902944326e+00
1.001757572126117601e+00
1.001758018877393130e+00
1.001758084231450185e+00
1.001758481019370484e+00
1.001758680209076768e+00
1.001759045151483507e+00
1.001759127573704555e+00
1.001759328896518975e+00
1.001759441649936022e+00
1.001759576363423943e+00
1.001759658307882717e+00
1.001759758183941473e+00
1.001760628285513599e+00
1.001761057068679017e+00
1.001761388646255080e+00
1.001761706348352376e+00
1.001761961869930495e+00
1.001762072150926386e+00
1.001762097168520382e+00
1.001762477287631015e+00
1.001762985927495242e+00
1.001763295393583109e+00
1.001763637704559118e+00
1.001763689296087501e+00
1.001763964706637644e+00
1.001764337632900181e+00
1.001764973209954279e+00
1.001765115111699966e+00
1.001765379053839000e+00
1.001765594836089512e+00
1.001765724435639493e+00
1.001766768292435161e+00
1.001767082758213689e+00
1.001767262200222497e+00
1.001767542601358363e+00
1.001767788037294160e+00
1.001768093022934014e+00
1.001768949067519010e+00
1.001769104162253399e+00
1.001769713791713645e+00
1.001769957821545987e+00
1.001770567356254249e+00
1.001771090187659086e+00
1.001771693816081221e+00
1.001772169161079473e+00
1.001772307809567275e+00
1.001773006143141576e+00
1.001773647143687551e+00
1.001773833911392853e+00
1.001774325657044384e+00
1.001774416801236578e+00
1.001774695830241590e+00
1.001775309716284257e+00
1.001775754298446008e+00
1.001776166649308131e+00
1.001778045762566016e+00
1.001778247259386134e+00
1.001778721968756170e+00
1.001779510804784223e+00
1.001780065372024131e+00
1.001780665577313600e+00
1.001780745393483718e+00
1.001781424151962030e+00
1.001781881514585359e+00
1.001782153496722616e+00
1.001782809346354330e+00
1.001783805701538466e+00
1.001784338502343941e+00
1.001785104000728177e+00
1.001785232468531017e+00
1.001786339591441921e+00
1.001787069048334367e+00
1.001787820318225108e+00
1.001787960565349467e+00
1.001788534731224756e+00
1.001788714140399605e+00
1.001789490863594922e+00
1.001789698672118645e+00
1.001789925543965731e+00
1.001790553317248200e+00
1.001790960891237425e+00
1.001791054258129199e+00
1.001791230571111635e+00
1.001791702224999581e+00
1.001792043211060079e+00
1.001792251650151844e+00
1.001792513916783589e+00
1.001792857408154491e+00
1.001792908979223462e+00
1.001793065472160738e+00
1.001793323755708620e+00
1.001793502874181785e+00
1.001793890031835943e+00
1.001794072846647232e+00
1.001794131233650020e+00
1.001794838938321996e+00
1.001795195553896400e+00
1.001795560173481814e+00
1.001795884780524171e+00
1.001796342510624660e+00
1.001796494926147085e+00
1.001796849192475358e+00
1.001797294431956420e+00
1.001797471019310937e+00
1.001797824066328557e+00
1.001797842311566544e+00
1.001797947186030768e+00
1.001798231509889447e+00
1.001798712777576483e+00
1.001799396017762023e+00
1.001799815986728515e+00
1.001800057328667615e+00
1.001801440446153935e+00
1.001801808016076434e+00
1.001802038726641975e+00
1.001802421989972380e+00
1.001803205704769661e+00
1.001803659448387229e+00
1.001803820701138159e+00
1.001804478092343187e+00
1.001804828708732220e+00
1.001805118803817951e+00
1.001805849290569483e+00
1.001806168514044915e+00
1.001806343223405893e+00
1.001806660579809272e+00
1.001808422682998856e+00
1.001809860626230009e+00
1.001809986221227522e+00
1.001810395681739685e+00
1.001810644217958401e+00
1.001810898054532384e+00
1.001811183603856348e+00
1.001811758172543643e+00
1.001812269802644817e+00
1.001812722252216403e+00
1.001813159830766020e+00
1.001813211038865559e+00
1.001813745370866426e+00
1.001814406787180145e+00
1.001814439766020470e+00
1.001814839963211856e+00
1.001815085126191773e+00
1.001815176848177336e+00
1.001815493201543950e+00
1.001817071555158867e+00
1.001817287210054142e+00
1.001817560691408371e+00
1.001817957580221519e+00
1.001818300871686107e+00
1.001818493053191927e+00
1.001818645680153219e+00
1.001818833344809256e+00
1.001819931737214731e+00
1.001820158109121950e+00
1.001820391062402171e+00
1.001820533398105395e+00
1.001820962490795885e+00
1.001821311635983980e+00
1.001822039227064920e+00
1.001822214906572306e+00
1.001823210476631587e+00
1.001823537189899138e+00
1.001823859807933870e+00
1.001823923799370686e+00
1.001824193977543187e+00
1.001824632648595337e+00
1.001824697218674398e+00
1.001824927362758633e+00
1.001825313482711977e+00
1.001825629410830087e+00
1.001826270310808509e+00
1.001826321791383423e+00
1.001826411192361377e+00
1.001826646954781852e+00
1.001826898440560498e+00
1.001827080098126377e+00
1.001827373265737231e+00
1.001827553416565486e+00
1.001827680117141517e+00
1.001828468361735558e+00
1.001828838316473957e+00
1.001828917730592128e+00
1.001829412294278132e+00
1.001829717758775384e+00
1.001830239672866663e+00
1.001830616316395695e+00
1.001831000772431590e+00
1.001831175748981728e+00
1.001831960121200904e+00
1.001832194973906631e+00
1.001832630955692416e+00
1.001832694012623204e+00
1.001833023054437666e+00
1.001833273561974602e+00
1.001833804943962347e+00
1.001834591741051383e+00
1.001835321839148474e+00
1.001835726364881163e+00
1.001835927960701422e+00
1.001836328878425553e+00
1.001836797804829926e+00
1.001837013408904076e+00
1.001837471338046237e+00
1.001837563565679767e+00
1.001838198475723196e+00
1.001838638352726241e+00
1.001838778550208309e+00
1.001839395593329796e+00
1.001839630261939895e+00
1.001840057834351372e+00
1.001840264087409560e+00
1.001840862231446971e+00
1.001840939360388427e+00
1.001841569376249019e+00
1.001842324868118528e+00
1.001842404737438130e+00
1.001842479032487576e+00
1.001842855108456609e+00
1.001843317350285423e+00
1.001843641446183097e+00
1.001844047023177975e+00
1.001844321753222244e+00
1.001844729738263551e+00
1.001844911066136490e+00
1.001845336702592348e+00
1.001845546500774287e+00
1.001845640031905793e+00
1.001846232261543346e+00
1.001846517853075103e+00
1.001846721792149619e+00
1.001846870752322038e+00
1.001847156471469935e+00
1.001847241587350057e+00
1.001847484021959334e+00
1.001847580488647527e+00
1.001847995216953224e+00
1.001848350358653938e+00
1.001848597571250332e+00
1.001848676577846042e+00
1.001849032383582250e+00
1.001849334743011966e+00
1.001850152511622793e+00
1.001850430277975379e+00
1.001850735646449886e+00
1.001851586543057948e+00
1.001852154248354720e+00
1.001853058519403650e+00
1.001853209288412039e+00
1.001853638382576461e+00
1.001854280567116673e+00
1.001854786881221315e+00
1.001855457563513685e+00
1.001855717880840047e+00
1.001856290407374006e+00
1.001856730076281954e+00
1.001857002904618765e+00
1.001857231827440797e+00
1.001857516553471772e+00
1.001857952540689656e+00
1.001858039286701363e+00
1.001858680518283196e+00
1.001859302190463374e+00
1.001859466201017401e+00
1.001859764938882291e+00
1.001859959706700387e+00
1.001860067489383166e+00
1.001860376131732178e+00
1.001860553352126315e+00
1.001860833393011463e+00
1.001860929212494478e+00
1.001861161793710764e+00
1.001861487338145951e+00
1.001862228532946375e+00
1.001862587224930268e+00
1.001862922528207633e+00
1.001864023056444619e+00
1.001864853636823094e+00
1.001865374140673781e+00
1.001865989774878951e+00
1.001866191617967861e+00
1.001866219924254953e+00
1.001866693992909285e+00
1.001866770104494542e+00
1.001866904900346134e+00
1.001867216568909091e+00
1.001868315283305222e+00
1.001868498492927806e+00
1.001869592038009849e+00
1.001869991842374130e+00
1.001870716460318000e+00
1.001870942067566661e+00
1.001871500095068201e+00
1.001873052986721913e+00
1.001873250409287319e+00
1.001874506907077356e+00
1.001875677809730192e+00
1.001875971205484772e+00
1.001876094873470846e+00
1.001876281550510006e+00
1.001876481587232082e+00
1.001876500978335471e+00
1.001876670384590717e+00
1.001876850782888351e+00
1.001877047907883567e+00
1.001877388407811820e+00
1.001877756847221468e+00
1.001878053556963133e+00
1.001878531329584598e+00
1.001879064051792501e+00
1.001879087512973276e+00
1.001879990392496866e+00
1.001880589430028001e+00
1.001881060122761236e+00
1.001881264367698421e+00
1.001882105176236770e+00
1.001882261818556108e+00
1.001882820565596521e+00
1.001882851051515422e+00
1.001883669095788187e+00
1.001884017449065523e+00
1.001885888869113561e+00
1.001886169787617131e+00
1.001886488624231131e+00
1.001887061041058402e+00
1.001887512870402785e+00
1.001888576094583261e+00
1.001889184114922671e+00
1.001889304612027853e+00
1.001889885563719718e+00
1.001890777491306395e+00
1.001891431936570376e+00
1.001892451654001759e+00
1.001893163806995224e+00
1.001893645018519186e+00
1.001894518155356906e+00
1.001896027812040790e+00
1.001896250759945595e+00
1.001896844218508553e+00
1.001897218586686344e+00
1.001898537693589164e+00
1.001899183207477062e+00
1.001899655216777374e+00
1.001900965945744071e+00
1.001901170148709053e+00
1.001901355855112197e+00
1.001901634542517794e+00
1.001902475510503487e+00
1.001903249869869672e+00
1.001903979013271329e+00
1.001904432892955610e+00
1.001904563838047046e+00
1.001904642490420105e+00
1.001905110075044014e+00
1.001905946612618781e+00
1.001906282531753067e+00
1.001907998578481340e+00
1.001908162270263247e+00
1.001908385766189014e+00
1.001908613760903233e+00
1.001909178670843614e+00
1.001909599446673793e+00
1.001909902645591988e+00
1.001910388139454655e+00
1.001910464179979421e+00
1.001912218746626060e+00
1.001912722758750318e+00
1.001912771465623297e+00
1.001914164900693294e+00
1.001914215343767234e+00
1.001914480833576260e+00
1.001914590594161991e+00
1.001914794238471851e+00
1.001915236130854314e+00
1.001915755604326996e+00
1.001918115750640936e+00
1.001918941368782789e+00
1.001919459717293570e+00
1.001920082518424238e+00
1.001920607709332778e+00
1.001921047480845317e+00
1.001921470416080595e+00
1.001921755227621391e+00
1.001921776994446844e+00
1.001922597179666141e+00
1.001923248518305387e+00
1.001923710657943500e+00
1.001924070753835494e+00
1.001926980584393334e+00
1.001927450951969334e+00
1.001927630722086127e+00
1.001928176349719868e+00
1.001929258581586657e+00
1.001930228070482487e+00
1.001930790103067404e+00
1.001931105163692326e+00
1.001931741217581440e+00
1.001933287113451421e+00
1.001933578799340419e+00
1.001934560586877909e+00
1.001934992447083062e+00
1.001936351308958972e+00
1.001936924753304314e+00
1.001937671809162378e+00
1.001939104588293938e+00
1.001939717754893655e+00
1.001940814806978830e+00
1.001941520217800141e+00
1.001941882177512788e+00
1.001944673981667089e+00
1.001945023429180681e+00
1.001946035890904030e+00
1.001946613902021666e+00
1.001947159401019416e+00
1.001948251358636410e+00
1.001949444491083030e+00
1.001950787336647775e+00
1.001951858373357762e+00
1.001953535705370824e+00
1.001954539071788552e+00
1.001955209566277816e+00
1.001955568542133967e+00
1.001956639194282461e+00
1.001957957513027742e+00
1.001959117445042624e+00
1.001960141344832023e+00
1.001965107842989422e+00
1.001967356035130097e+00
1.001967631299463868e+00
1.001969227875769697e+00
1.001972939127667050e+00
1.001976320527304232e+00
1.001977426752584943e+00
1.001979004010701502e+00
1.001979261968656498e+00
1.001982731955148864e+00
1.001983565215520677e+00
1.001988092967622146e+00
1.001993563337934212e+00
1.001993948681721980e+00
1.001994779009626413e+00
1.001995087425479047e+00
1.001998868071743543e+00
1.002000628943164440e+00
1.002001895350442151e+00
1.002004160489754492e+00
1.002004248047782209e+00
1.002004619133870067e+00
1.002005706239913696e+00
1.002006728025680582e+00
1.002008469561399773e+00
1.002009947687977576e+00
1.002010720779012543e+00
1.002011152306542252e+00
1.002011485762441811e+00
1.002011802722580835e+00
1.002013087903551147e+00
1.002015367549140556e+00
1.002016106495332348e+00
1.002017512480921191e+00
1.002019266759341942e+00
1.002019595097872307e+00
1.002020874328121147e+00
1.002022190506287380e+00
1.002022655817015551e+00
1.002023736293892187e+00
1.002024081971760072e+00
1.002026401677784451e+00
1.002027676498715492e+00
1.002029584845584242e+00
1.002030728227668810e+00
1.002031120535043840e+00
1.002032826219427575e+00
1.002034478420525954e+00
1.002035245603059010e+00
1.002039071151130001e+00
1.002043489001050336e+00
1.002044062878011621e+00
1.002045752139308910e+00
1.002049377833567734e+00
1.002052904964195079e+00
1.002053957962666386e+00
1.002057780976138401e+00
1.002059055047057612e+00
1.002065548604709422e+00
1.002066495987929295e+00
1.002071483314667111e+00
1.002073812358297955e+00
1.002076112031443422e+00
1.002079965147625540e+00
1.002083623223396724e+00
1.002085413695916305e+00
1.002087539047665787e+00
1.002087864317531496e+00
1.002089054505842514e+00
1.002091250943312861e+00
1.002094890623993484e+00
1.002095898897783499e+00
1.002098675737847611e+00
1.002099665365947745e+00
1.002100417487466588e+00
1.002101620952368322e+00
1.002101840889171536e+00
1.002103086616841221e+00
1.002104125198197249e+00
1.002105317321568156e+00
1.002107193182652178e+00
1.002107807201126244e+00
1.002111807712460223e+00
1.002112586934768679e+00
1.002113286425255545e+00
1.002113864327125459e+00
1.002114591216400230e+00
1.002115191920017301e+00
1.002115368542047635e+00
1.002119092133683997e+00
1.002121018289174215e+00
1.002121105850959371e+00
1.002121996177500085e+00
1.002122718612497243e+00
1.002122914807318299e+00
1.002123273153031180e+00
1.002124081788589693e+00
1.002124799017419798e+00
1.002125058058653151e+00
1.002128330587789939e+00
1.002129910881221386e+00
1.002131284524655053e+00
1.002132927577549015e+00
1.002133652433064848e+00
1.002134730442971744e+00
1.002135210087353512e+00
1.002136599727203370e+00
1.002137401870837774e+00
1.002138592314138821e+00
1.002139614376232446e+00
1.002141433284285732e+00
1.002142012697925910e+00
1.002143306619008634e+00
1.002145325277865151e+00
1.002145557405245357e+00
1.002146937064686716e+00
1.002148055861487697e+00
1.002148141600055276e+00
1.002148526403752848e+00
1.002148609853771521e+00
1.002149464328369710e+00
1.002152837057344925e+00
1.002153525716371174e+00
1.002154172694141643e+00
1.002155720758986179e+00
1.002155979985453582e+00
1.002156122841871833e+00
1.002156445485014480e+00
1.002157115898116624e+00
1.002157353457866495e+00
1.002158217073231494e+00
1.002158533566716470e+00
1.002159973978381524e+00
1.002160396695192190e+00
1.002160461477816344e+00
1.002161813486016628e+00
1.002163269074762386e+00
1.002164186545319469e+00
1.002165326205638474e+00
1.002165441144732494e+00
1.002165712234412087e+00
1.002166568810996639e+00
1.002166680317080560e+00
1.002167531224986696e+00
1.002168215133087070e+00
1.002168992468807307e+00
1.002169613830953043e+00
1.002170509339330717e+00
1.002171331973866319e+00
1.002171834417902030e+00
1.002172191968247361e+00
1.002172359867878004e+00
1.002172725375363393e+00
1.002175486653964720e+00
1.002176141057395498e+00
1.002176535926817325e+00
1.002176889518447078e+00
1.002178814212296931e+00
1.002178965750271766e+00
1.002180359832288703e+00
1.002181693044827959e+00
1.002182241326806000e+00
1.002182815118670689e+00
1.002183328179295785e+00
1.002185410725063175e+00
1.002185601855926311e+00
1.002186006020796993e+00
1.002186907090607315e+00
1.002187602862256055e+00
1.002191205370150051e+00
1.002192480803665298e+00
1.002196880996707673e+00
1.002198707522826915e+00
1.002199260227862876e+00
1.002199768247959311e+00
1.002202575511447424e+00
1.002203551510592261e+00
1.002205601425849579e+00
1.002206822891744675e+00
1.002207724600227667e+00
1.002208685139682309e+00
1.002209670304280653e+00
1.002212047304629428e+00
1.002214179663782012e+00
1.002216599204388325e+00
1.002219650636176906e+00
1.002221759254458888e+00
1.002222643383372969e+00
1.002222979177918250e+00
1.002226669567743755e+00
1.002229587842055958e+00
1.002233383296891267e+00
1.002234900576386867e+00
1.002237662695294684e+00
1.002239837872814343e+00
1.002244008429385991e+00
1.002244356461515329e+00
1.002245801922977630e+00
1.002249091248672341e+00
1.002250965711072084e+00
1.002251194601465611e+00
1.002251683445478880e+00
1.002253200549448442e+00
1.002255031412747410e+00
1.002259800513518151e+00
1.002260735186952800e+00
1.002270347888515323e+00
1.002272426036127317e+00
1.002273746081037364e+00
1.002276951938255722e+00
1.002280195306497479e+00
1.002284605173274334e+00
1.002288215748329270e+00
1.002289933640688968e+00
1.002291089572993732e+00
1.002293874202265789e+00
1.002295440978154373e+00
1.002296563050721234e+00
1.002297437737946106e+00
1.002301803319601392e+00
1.002303038319158901e+00
1.002304615164677282e+00
1.002305604528873184e+00
1.002307324016227019e+00
1.002308528855376135e+00
1.002309834582554293e+00
1.002310182771926961e+00
1.002310754675670212e+00
1.002311006377313518e+00
1.002313550274181786e+00
1.002314072765236430e+00
1.002314900060392810e+00
1.002315831831383841e+00
1.002316858066085281e+00
1.002320613054361154e+00
1.002321505635809684e+00
1.002325277571679329e+00
1.002326204511263974e+00
1.002329033714126405e+00
1.002329714298550778e+00
1.002330173899339538e+00
1.002331220755668939e+00
1.002333835332420264e+00
1.002334180349618631e+00
1.002335345717698223e+00
1.002336490549527115e+00
1.002337248679445070e+00
1.002338792594318129e+00
1.002340695855126640e+00
1.002341531064239621e+00
1.002343833231474912e+00
1.002345916035788376e+00
1.002347417748377545e+00
1.002349321404486737e+00
1.002349920880219569e+00
1.002350244280877822e+00
1.002351486667990788e+00
1.002352220474646449e+00
1.002352894925459870e+00
1.002353736592157318e+00
1.002354582657909665e+00
1.002354778960915738e+00
1.002355989730438601e+00
1.002357313717148424e+00
1.002358703715649169e+00
1.002361652485594057e+00
1.002363613092988492e+00
1.002365673775185595e+00
1.002367303804040155e+00
1.002367633513334022e+00
1.002368526199231225e+00
1.002370583365117751e+00
1.002371418247734569e+00
1.002373297386848883e+00
1.002374031013772981e+00
1.002378448312233106e+00
1.002378729009801628e+00
1.002379795529490192e+00
1.002380377201522066e+00
1.002382323838468814e+00
1.002382614692518992e+00
1.002383458013285766e+00
1.002384353533148031e+00
1.002385243400909509e+00
1.002385713100312437e+00
1.002386460062504314e+00
1.002389136880915466e+00
1.002389880990820714e+00
1.002389963826803010e+00
1.002394177710143941e+00
1.002394852375258827e+00
1.002395205788446431e+00
1.002395475612702480e+00
1.002396191721794949e+00
1.002396486140807452e+00
1.002396767225325780e+00
1.002397711964824412e+00
1.002398225819104427e+00
1.002399123152080573e+00
1.002400582278626828e+00
1.002401667983438660e+00
1.002401965520382854e+00
1.002402679633355165e+00
1.002402846940325443e+00
1.002405977874010423e+00
1.002408093475068762e+00
1.002409287352876044e+00
1.002409491641403472e+00
1.002410301708738904e+00
1.002411069525293019e+00
1.002411654075769709e+00
1.002412816522544325e+00
1.002413170455468405e+00
1.002413829987833127e+00
1.002414800310667209e+00
1.002415434971284602e+00
1.002416299906222275e+00
1.002416343488650385e+00
1.002416522994239667e+00
1.002416802773586246e+00
1.002417855217221154e+00
1.002418649647875082e+00
1.002419556687025315e+00
1.002420558375193727e+00
1.002421376234713168e+00
1.002422604717502885e+00
1.002423395813410556e+00
1.002423952146751729e+00
1.002426162684503463e+00
1.002428622932213242e+00
1.002428930492876624e+00
1.002429408559064594e+00
1.002431070289159232e+00
1.002432241960391712e+00
1.002432507264138684e+00
1.002433551883527230e+00
1.002434164372794978e+00
1.002435616999285850e+00
1.002436851836296494e+00
1.002438025718598302e+00
1.002438282246906454e+00
1.002439762533079870e+00
1.002440899372375016e+00
1.002443339173285430e+00
1.002444070297627388e+00
1.002444762372596276e+00
1.002447478457494157e+00
1.002448880689204680e+00
1.002450130678784301e+00
1.002452294947676181e+00
1.002453114645455390e+00
1.002453970108800441e+00
1.002455750795703704e+00
1.002457706876081156e+00
1.002458041339636674e+00
1.002458899487250532e+00
1.002459701091748201e+00
1.002461129857370903e+00
1.002461531817774976e+00
1.002462594055981260e+00
1.002464113941812007e+00
1.002466117535368184e+00
1.002466127803176121e+00
1.002467937633503503e+00
1.002470431523978744e+00
1.002470968987865696e+00
1.002473237117561755e+00
1.002473799172000302e+00
1.002475999756035296e+00
1.002476064543943446e+00
1.002477515716264422e+00
1.002478086996620776e+00
1.002478141776512066e+00
1.002479209698857288e+00
1.002480560094469064e+00
1.002482637263728327e+00
1.002482986749907434e+00
1.002484128738992064e+00
1.002484591555395044e+00
1.002485671722538996e+00
1.002489436420921365e+00
1.002491365255877342e+00
1.002493042044722005e+00
1.002493222071241030e+00
1.002497831672640061e+00
1.002498698502223951e+00
1.002501897662956720e+00
1.002503006548848941e+00
1.002503952991480762e+00
1.002504149252822607e+00
1.002504990578801047e+00
1.002507026013867097e+00
1.002508263627695850e+00
1.002510816518438652e+00
1.002511801350605358e+00
1.002512138183514923e+00
1.002514279092154181e+00
1.002515347941323354e+00
1.002516931018830215e+00
1.002519402860412745e+00
1.002519869386389706e+00
1.002521752719439663e+00
1.002522480091202262e+00
1.002523053670936415e+00
1.002524914034330417e+00
1.002525358505747199e+00
1.002526570755110313e+00
1.002529709678836589e+00
1.002530077942209941e+00
1.002530400046947490e+00
1.002532660071117965e+00
1.002532872020766019e+00
1.002538163332413301e+00
1.002539531688888541e+00
1.002541623745186739e+00
1.002542083321560140e+00
1.002545324704729568e+00
1.002549126583610395e+00
1.002549722937752019e+00
1.002551559529875291e+00
1.002552089484384457e+00
1.002554230393083889e+00
1.002567488938832962e+00
1.002568435884093168e+00
1.002569917610086181e+00
1.002592022007726014e+00
1.002594636577377241e+00
1.002595121967407188e+00
1.002597263421943774e+00
1.002598528144971857e+00
1.002602230006170769e+00
1.002611709511706861e+00
1.002613050852031451e+00
1.002613608964217251e+00
1.002616129978405324e+00
1.002617461504230034e+00
1.002618431794085163e+00
1.002619514499560438e+00
1.002620951433845553e+00
1.002622630594278474e+00
1.002624467544178222e+00
1.002628166405122645e+00
1.002629404055673579e+00
1.002630209247248994e+00
1.002631680649605617e+00
1.002632076303061170e+00
1.002632867201859179e+00
1.002633528210197245e+00
1.002636414515826191e+00
1.002638737396708501e+00
1.002641837154274018e+00
1.002642774903528711e+00
1.002643481083247190e+00
1.002647636492367544e+00
1.002649280775453677e+00
1.002651665663162772e+00
1.002654414236200386e+00
1.002658546459848088e+00
1.002659842508478061e+00
1.002662327753201410e+00
1.002665953623494532e+00
1.002673362089069764e+00
1.002674599709093783e+00
1.002675570113149783e+00
1.002677121613009703e+00
1.002681908443611380e+00
1.002685210947136918e+00
1.002686935915307886e+00
1.002689354985862868e+00
1.002691535167374859e+00
1.002692907429809654e+00
1.002693823187444710e+00
1.002697634260737214e+00
1.002703988075073882e+00
1.002707973628301774e+00
1.002710053660176959e+00
1.002712717279212296e+00
1.002716483792838620e+00
1.002720828399949138e+00
1.002721789161344912e+00
1.002722591396698837e+00
1.002724058295240583e+00
1.002726149275344980e+00
1.002728125840030682e+00
1.002730285324348047e+00
1.002731006285443094e+00
1.002731397221835907e+00
1.002732397802324149e+00
1.002733340445675303e+00
1.002733630904021123e+00
1.002733978251514557e+00
1.002734038696136976e+00
1.002734750320739554e+00
1.002735137027774615e+00
1.002735368422822404e+00
1.002735820479076834e+00
1.002736540348616812e+00
1.002737025866890175e+00
1.002738432132964652e+00
1.002739076960701192e+00
1.002739787974886498e+00
1.002740237376736898e+00
1.002740842010703792e+00
1.002741960821130762e+00
1.002743621071142455e+00
1.002744960459295287e+00
1.002745028620955825e+00
1.002747147373006964e+00
1.002749960176327226e+00
1.002750383936814815e+00
1.002750570588319956e+00
1.002752645399768827e+00
1.002754489211060474e+00
1.002755177703569922e+00
1.002755531124871480e+00
1.002756286432069155e+00
1.002758640984940053e+00
1.002760415244595693e+00
1.002762514744800049e+00
1.002762986827037350e+00
1.002764999708823712e+00
1.002766105908656558e+00
1.002768463917958819e+00
1.002770420036433796e+00
1.002772987914640757e+00
1.002774687874571802e+00
1.002775324253660783e+00
1.002776508233140573e+00
1.002777959993585544e+00
1.002779711641392790e+00
1.002794700282453988e+00
1.002797254344789168e+00
1.002799219522920282e+00
1.002800447898209102e+00
1.002801644155317806e+00
1.002804506117100480e+00
1.002808339376398017e+00
1.002810544203143195e+00
1.002820181416892664e+00
1.002821630840907918e+00
1.002826655048615789e+00
1.002827318234683407e+00
1.002835722433766730e+00
1.002840532928058748e+00
1.002846497457383856e+00
1.002847177116133137e+00
1.002851695221194106e+00
1.002854166674562286e+00
1.002856796617275892e+00
1.002860177565385369e+00
1.002860708986814009e+00
1.002861213319904854e+00
1.002862726721007069e+00
1.002864052341896794e+00
1.002867029335008597e+00
1.002868621829873019e+00
1.002870400242670490e+00
1.002874858858518792e+00
1.002875489693694444e+00
1.002877247394550420e+00
1.002878796003746853e+00
1.002880926248396865e+00
1.002881084081904461e+00
1.002891194995287671e+00
1.002893708200562006e+00
1.002893945037957257e+00
1.002900320631859410e+00
1.002904248081465610e+00
1.002907282233470143e+00
1.002909256892311696e+00
1.002916839450132880e+00
1.002922348949206066e+00
1.002926019008812286e+00
1.002928350801211232e+00
1.002929614941767023e+00
1.002931736735081847e+00
1.002932976095351369e+00
1.002936211124604071e+00
1.002937733397744724e+00
1.002940520940547309e+00
1.002943053544475660e+00
1.002944615883500701e+00
1.002951128451128104e+00
1.002952532268085450e+00
1.002953239495847138e+00
1.002955624189812323e+00
1.002956072141446775e+00
1.002958781740216354e+00
1.002959076048003162e+00
1.002961210727004948e+00
1.002961755607287175e+00
1.002962550620060789e+00
1.002963109205595948e+00
1.002965722714232344e+00
1.002966632034220540e+00
1.002969260985965505e+00
1.002969706284813523e+00
1.002971128907696796e+00
1.002972079183322762e+00
1.002972423399096424e+00
1.002975465864152538e+00
1.002976406796013631e+00
1.002976994501741492e+00
1.002979095825014211e+00
1.002979336610139383e+00
1.002979553750802166e+00
1.002981252555209979e+00
1.002981689356867046e+00
1.002984177304272695e+00
1.002984521690216013e+00
1.002987304595374995e+00
1.002991563123032615e+00
1.002992759168142678e+00
1.002993325568537042e+00
1.003000941400297163e+00
1.003002777720324978e+00
1.003008922165435246e+00
1.003009156278892311e+00
1.003014602079826734e+00
1.003014968437203391e+00
1.003018415848715650e+00
1.003020133993888896e+00
1.003020802993793703e+00
1.003022179339280395e+00
1.003023151892988185e+00
1.003025054137054450e+00
1.003027531456916366e+00
1.003029577488989021e+00
1.003030040895643848e+00
1.003031042648349969e+00
1.003033304402956460e+00
1.003037246418623019e+00
1.003038798638297813e+00
1.003039840759800017e+00
1.003041778119866168e+00
1.003043089564602308e+00
1.003043518413740731e+00
1.003044446356801567e+00
1.003044498686494812e+00
1.003044813288773041e+00
1.003044949305478717e+00
1.003047860059662622e+00
1.003049829786733627e+00
1.003050947384026781e+00
1.003052160003142346e+00
1.003052764396023422e+00
1.003054636843845993e+00
1.003055208817224431e+00
1.003056901077297614e+00
1.003057545949275653e+00
1.003058103675898982e+00
1.003060331628176316e+00
1.003063143122155054e+00
1.003063837018515869e+00
1.003065512380386659e+00
1.003066256697948688e+00
1.003066742306414794e+00
1.003068667546951565e+00
1.003069729585771119e+00
1.003070010928013955e+00
1.003070818335367376e+00
1.003071227502488894e+00
1.003071254315402783e+00
1.003071431038879524e+00
1.003073950869391773e+00
1.003074211791853632e+00
1.003075470649864576e+00
1.003076366060682956e+00
1.003078924196090016e+00
1.003079246672462510e+00
1.003080403369048579e+00
1.003082232797978923e+00
1.003083828314053072e+00
1.003084201925991348e+00
1.003085194698098981e+00
1.003085802077423816e+00
1.003086349961223478e+00
1.003096130329628632e+00
1.003098941418637535e+00
1.003099621566324817e+00
1.003101949452985364e+00
1.003103710083278477e+00
1.003107085436649726e+00
1.003107678637629840e+00
1.003109179009247454e+00
1.003111784585191790e+00
1.003113711482436443e+00
1.003114033191831123e+00
1.003116083105207057e+00
1.003118313331891054e+00
1.003119535088724978e+00
1.003121416122849441e+00
1.003122399774039497e+00
1.003125663450596283e+00
1.003125852361423931e+00
1.003128108102844029e+00
1.003135302857736999e+00
1.003135987027979459e+00
1.003139931319203981e+00
1.003140718649239815e+00
1.003141852310616144e+00
1.003142386514350726e+00
1.003146655313421620e+00
1.003148801048977523e+00
1.003149555465250087e+00
1.003151363520891293e+00
1.003151889403062436e+00
1.003154065172876752e+00
1.003155694836367795e+00
1.003157860431396209e+00
1.003160232397592777e+00
1.003162616850271194e+00
1.003162812294342787e+00
1.003163409845364118e+00
1.003164819819322595e+00
1.003168693064441452e+00
1.003170140791763920e+00
1.003170249862183505e+00
1.003170961572245501e+00
1.003171161449069704e+00
1.003171997058570408e+00
1.003172589565890949e+00
1.003177251604384645e+00
1.003178180179867596e+00
1.003178821959801459e+00
1.003179363850202677e+00
1.003181924647606582e+00
1.003182098097854746e+00
1.003182930221023339e+00
1.003184755842778220e+00
1.003186542289957295e+00
1.003186937884340768e+00
1.003187491205886905e+00
1.003190017941187007e+00
1.003190634238110279e+00
1.003192063837144765e+00
1.003192287117830483e+00
1.003197490483005883e+00
1.003199789005184694e+00
1.003201866394150210e+00
1.003203409844060312e+00
1.003204097345876677e+00
1.003204795635010305e+00
1.003206509252034140e+00
1.003208470348315950e+00
1.003209458560121892e+00
1.003210025870118871e+00
1.003211259717910142e+00
1.003213634248599773e+00
1.003214688391041554e+00
1.003215949771313786e+00
1.003219026582889750e+00
1.003219234397619175e+00
1.003221457651552795e+00
1.003221591338320229e+00
1.003223893837896563e+00
1.003226385547225652e+00
1.003227284663754659e+00
1.003227731049456395e+00
1.003228476261718516e+00
1.003229541722724605e+00
1.003230983628975226e+00
1.003232134913788043e+00
1.003232507091448511e+00
1.003235384153500886e+00
1.003239362489651620e+00
1.003240595680501945e+00
1.003240653490724998e+00
1.003241336325254363e+00
1.003241657055390812e+00
1.003245101758976965e+00
1.003246269114646649e+00
1.003247584005202864e+00
1.003247729334256988e+00
1.003247772552625872e+00
1.003249806363406771e+00
1.003251132820366820e+00
1.003252321390292190e+00
1.003252733867656454e+00
1.003253981126437377e+00
1.003254437834139701e+00
1.003254981964447179e+00
1.003256202523284735e+00
1.003256437806427925e+00
1.003257609959927077e+00
1.003258136867837713e+00
1.003258676608100641e+00
1.003259299111585179e+00
1.003262553159868009e+00
1.003262730354585797e+00
1.003264169248196724e+00
1.003264698844374525e+00
1.003265217422327327e+00
1.003265485625604025e+00
1.003266653777900697e+00
1.003267852546219308e+00
1.003269118975095742e+00
1.003269382085141936e+00
1.003271847395810434e+00
1.003273755619220609e+00
1.003274839625520221e+00
1.003275165829101034e+00
1.003275178150265123e+00
1.003275310219218897e+00
1.003275594452572195e+00
1.003277247783376014e+00
1.003278404926956746e+00
1.003279505511149639e+00
1.003279991859070908e+00
1.003280189141207535e+00
1.003281651667673691e+00
1.003282351001061112e+00
1.003282855247957350e+00
1.003283339857924616e+00
1.003284254406238141e+00
1.003285532506181799e+00
1.003285661282421914e+00
1.003285702121024858e+00
1.003286901887624927e+00
1.003287017511494517e+00
1.003287504986514866e+00
1.003287835301852393e+00
1.003289484034217693e+00
1.003289766119321191e+00
1.003290181995334596e+00
1.003291503048822531e+00
1.003293509214306711e+00
1.003293868178905202e+00
1.003296531607665187e+00
1.003296824961532607e+00
1.003299079856354803e+00
1.003299368897244914e+00
1.003299505982055306e+00
1.003299570527462770e+00
1.003300472387920195e+00
1.003301387395689526e+00
1.003303193767654866e+00
1.003304624795900102e+00
1.003304943464286669e+00
1.003305821995257752e+00
1.003306963137159169e+00
1.003307086693256078e+00
1.003307168054330845e+00
1.003307388439216963e+00
1.003308846722064995e+00
1.003309450156739002e+00
1.003312061536355548e+00
1.003312923666674683e+00
1.003313765188051487e+00
1.003314370279227763e+00
1.003315151307456743e+00
1.003322548801445890e+00
1.003327657528020778e+00
1.003328511432997949e+00
1.003329612247650493e+00
1.003338529442128868e+00
1.003339966147496209e+00
1.003346721096878280e+00
1.003347239227917242e+00
1.003347510389376973e+00
1.003349939435613569e+00
1.003350045767801291e+00
1.003350530244444760e+00
1.003352655292788498e+00
1.003352907498234359e+00
1.003354909847811616e+00
1.003356789743940158e+00
1.003358123151811609e+00
1.003359398213615528e+00
1.003359983774474662e+00
1.003361648872820089e+00
1.003368436947467357e+00
1.003368978352883634e+00
1.003375776605438974e+00
1.003377371728576994e+00
1.003379407647478683e+00
1.003382763454560678e+00
1.003384038021323033e+00
1.003385237712584033e+00
1.003386493734724327e+00
1.003388087951929020e+00
1.003388578343473059e+00
1.003389191213608367e+00
1.003391243838739566e+00
1.003391599254186195e+00
1.003393343744016564e+00
1.003393405727059484e+00
1.003395310911552318e+00
1.003395948336062826e+00
1.003399883432591677e+00
1.003402507308312597e+00
1.003404171087646901e+00
1.003406243000880105e+00
1.003418178863202836e+00
1.003419971827398172e+00
1.003421269273244043e+00
1.003421621777275119e+00
1.003424141276048731e+00
1.003427200496367355e+00
1.003431453818894870e+00
1.003432088545175960e+00
1.003432708900424908e+00
1.003434526241308911e+00
1.003435077653593188e+00
1.003435535300483128e+00
1.003439884782277414e+00
1.003441279662953045e+00
1.003444670939638295e+00
1.003446868399044511e+00
1.003451785694985388e+00
1.003452771708928326e+00
1.003454936483863413e+00
1.003460188393264563e+00
1.003463812734157745e+00
1.003465382258251992e+00
1.003466135850536567e+00
1.003468560287509748e+00
1.003478128664011981e+00
1.003478950534788083e+00
1.003482928394736184e+00
1.003488716174548268e+00
1.003493535920380042e+00
1.003495368086775086e+00
1.003500717874777015e+00
1.003508418751164921e+00
1.003509021469266349e+00
1.003511818346760620e+00
1.003512960067478366e+00
1.003513290574552297e+00
1.003515415818899914e+00
1.003516042333119085e+00
1.003516616654719584e+00
1.003519086311712494e+00
1.003520509955942996e+00
1.003521400777335648e+00
1.003523462099561891e+00
1.003524160396686460e+00
1.003524519038048401e+00
1.003525473916663691e+00
1.003525591793972271e+00
1.003526138759726294e+00
1.003526690956179301e+00
1.003527167617082272e+00
1.003528288829988346e+00
1.003530315136014650e+00
1.003542132948739729e+00
1.003543910920450255e+00
1.003544404812068747e+00
1.003545814688570958e+00
1.003546497390558567e+00
1.003547127083307178e+00
1.003547498944076244e+00
1.003547612931825705e+00
1.003550187919682646e+00
1.003551381496520012e+00
1.003553127739502893e+00
1.003554784770352537e+00
1.003557663561160718e+00
1.003560132720532794e+00
1.003562448534007112e+00
1.003562523407113716e+00
1.003562944978042548e+00
1.003564156042921152e+00
1.003567541561177556e+00
1.003568250902153070e+00
1.003570378727423051e+00
1.003570999802406494e+00
1.003574697460388521e+00
1.003574841665957340e+00
1.003575815887209011e+00
1.003576212347371488e+00
1.003577285855671963e+00
1.003578377149685341e+00
1.003579896181996167e+00
1.003582895286678323e+00
1.003588804173842775e+00
1.003590129409300147e+00
1.003590559441105201e+00
1.003591617539264735e+00
1.003592419552457926e+00
1.003593363569686980e+00
1.003594349428990729e+00
1.003596546245013377e+00
1.003598798679915083e+00
1.003599336003025977e+00
1.003602648420330201e+00
1.003605797974493452e+00
1.003605911324114253e+00
1.003607207788161926e+00
1.003608942617419286e+00
1.003609180764722497e+00
1.003610897039235006e+00
1.003612670705956944e+00
1.003613920252986347e+00
1.003614192768409907e+00
1.003615181966329262e+00
1.003618005028386939e+00
1.003622594105284316e+00
1.003625626253330294e+00
1.003626153519751485e+00
1.003627198893582984e+00
1.003627696345564813e+00
1.003630178262886030e+00
1.003632131509323511e+00
1.003632863152668531e+00
1.003635240888058444e+00
1.003636046768156653e+00
1.003638160191021811e+00
1.003638365661827736e+00
1.003641590211604262e+00
1.003641870985929385e+00
1.003642713579228518e+00
1.003644537843530138e+00
1.003646665514873249e+00
1.003646980953694090e+00
1.003647169739119827e+00
1.003648333444876251e+00
1.003650070117185100e+00
1.003650726501785995e+00
1.003650976988732957e+00
1.003651230325431243e+00
1.003651769097179569e+00
1.003652006990526591e+00
1.003652837966253930e+00
1.003653216303639573e+00
1.003653817924731628e+00
1.003654170777364074e+00
1.003657965445360123e+00
1.003658009324385869e+00
1.003658349601108890e+00
1.003658468616529742e+00
1.003662140166202255e+00
1.003662596839797416e+00
1.003665125120591695e+00
1.003666173619985669e+00
1.003670264773187215e+00
1.003670649135473880e+00
1.003674509648603497e+00
1.003675487042571923e+00
1.003676351192019034e+00
1.003678376176301956e+00
1.003678751263725744e+00
1.003681028648855333e+00
1.003683803922953421e+00
1.003687183149055473e+00
1.003688486821207926e+00
1.003689579053143932e+00
1.003690071975208431e+00
1.003693707077525810e+00
1.003694359401921421e+00
1.003697357385042510e+00
1.003698080776586288e+00
1.003700472614654560e+00
1.003701238562166420e+00
1.003707730779827001e+00
1.003710294281159765e+00
1.003714772136164557e+00
1.003716256119467687e+00
1.003716931073028951e+00
1.003719680442707984e+00
1.003723995541745628e+00
1.003725945769031069e+00
1.003728239834802416e+00
1.003731961157483976e+00
1.003734059514811872e+00
1.003744308841843180e+00
1.003748911386071585e+00
1.003751787928684802e+00
1.003753657526352594e+00
1.003754707417473524e+00
1.003755347161395139e+00
1.003756081522698906e+00
1.003770348532079693e+00
1.003774536595433808e+00
1.003776478389774240e+00
1.003780099932791270e+00
1.003790733111077138e+00
1.003805576723605819e+00
1.003813676486330131e+00
1.003816019817453720e+00
1.003820794001883732e+00
1.003825160939449068e+00
1.003832661058513542e+00
1.003834014894345872e+00
1.003842992916211374e+00
1.003844104738962351e+00
1.003844663702297080e+00
1.003845494962814833e+00
1.003849754403877581e+00
1.003857774077471676e+00
1.003858249197260966e+00
1.003860601271833408e+00
1.003861353951470470e+00
1.003863187335890750e+00
1.003864924294340488e+00
1.003867692975566550e+00
1.003874087258366909e+00
1.003875749834178599e+00
1.003876532752544959e+00
1.003878935951308282e+00
1.003880177616899516e+00
1.003881290798607662e+00
1.003882339426837911e+00
1.003883185620624063e+00
1.003886403831055540e+00
1.003886492512622519e+00
1.003886873321130579e+00
1.003889113665189292e+00
1.003892641456771706e+00
1.003895316613080402e+00
1.003896670202866437e+00
1.003898141573334790e+00
1.003898778849250828e+00
1.003899316480940440e+00
1.003900495238185808e+00
1.003902796599247527e+00
1.003903475340344409e+00
1.003905538002355158e+00
1.003908033980415171e+00
1.003910169144541564e+00
1.003910949391480845e+00
1.003914047568358558e+00
1.003915814368268267e+00
1.003919567575865868e+00
1.003919852769371568e+00
1.003923411853795189e+00
1.003923666906270329e+00
1.003923987182340882e+00
1.003927668017095431e+00
1.003929193789023344e+00
1.003932514456432168e+00
1.003937515679265147e+00
1.003941560374474573e+00
1.003948059855839237e+00
1.003948372218791851e+00
1.003958422323349087e+00
1.003959526870803476e+00
1.003964989995032253e+00
1.003968355484644359e+00
1.003969830449263023e+00
1.003973465379078389e+00
1.003975464786662108e+00
1.003976784325548266e+00
1.003979448849438461e+00
1.003980707073919731e+00
1.003983471700915064e+00
1.003983805262955054e+00
1.003985049623039583e+00
1.003986412492140268e+00
1.003989562785205569e+00
1.003991482049317208e+00
1.003991781736213618e+00
1.003994668774225385e+00
1.003995337809395094e+00
1.003999885550175053e+00
1.004003757487714532e+00
1.004009114023479032e+00
1.004010373892620045e+00
1.004011667429883126e+00
1.004013263043908699e+00
1.004015291502138529e+00
1.004017360398170133e+00
1.004017631754288598e+00
1.004019186294468069e+00
1.004019697516082221e+00
1.004020171831798036e+00
1.004021261606369952e+00
1.004021941694762443e+00
1.004022160251148765e+00
1.004024973416632660e+00
1.004026982573979820e+00
1.004027896100544437e+00
1.004032837154769320e+00
1.004033716099661300e+00
1.004035297968887797e+00
1.004035826622986072e+00
1.004045839845615795e+00
1.004045879734421165e+00
1.004049360578510131e+00
1.004049388666166331e+00
1.004050062508502927e+00
1.004051056040311529e+00
1.004052719686183481e+00
1.004058280079071386e+00
1.004059464499738707e+00
1.004061147463116033e+00
1.004064611940298279e+00
1.004065723903921903e+00
1.004070464935987506e+00
1.004071582405682062e+00
1.004071770913576245e+00
1.004072383539980740e+00
1.004075512125577108e+00
1.004076317080579095e+00
1.004083198026824109e+00
1.004087507276304692e+00
1.004088569837601419e+00
1.004088783313734634e+00
1.004091821209602609e+00
1.004093951957125697e+00
1.004095611822656053e+00
1.004097670721685542e+00
1.004098206182473696e+00
1.004098257733915034e+00
1.004098613346543045e+00
1.004105968756164646e+00
1.004112782436716200e+00
1.004115713642587115e+00
1.004117206664772777e+00
1.004117599275373474e+00
1.004117783038591227e+00
1.004118477587300440e+00
1.004120124452344553e+00
1.004123610304511027e+00
1.004123809434626091e+00
1.004124897070397981e+00
1.004125489253219650e+00
1.004125838741639853e+00
1.004126520187627714e+00
1.004136784710563113e+00
1.004137758419725079e+00
1.004138373811212626e+00
1.004138439815551731e+00
1.004139736412089423e+00
1.004145815180161661e+00
1.004146890180632745e+00
1.004148647987675780e+00
1.004149737679961296e+00
1.004151350467442194e+00
1.004151842129579864e+00
1.004155573017321057e+00
1.004156740715246299e+00
1.004162882738210749e+00
1.004166639894185087e+00
1.004167115500851359e+00
1.004167582797821368e+00
1.004173443812134359e+00
1.004175028163391881e+00
1.004183872632060881e+00
1.004185010849699911e+00
1.004188505167957102e+00
1.004193257607674861e+00
1.004199488949972574e+00
1.004202167458313255e+00
1.004203624935131156e+00
1.004204959934429597e+00
1.004225273086325698e+00
1.004228987480615176e+00
1.004234333570191540e+00
1.004235344852351774e+00
1.004236791506097015e+00
1.004243311343507861e+00
1.004247464538443380e+00
1.004250480521837741e+00
1.004262206905019106e+00
1.004264870836424128e+00
1.004293816216969892e+00
1.004294165165006580e+00
1.004297090350886767e+00
1.004301400206210282e+00
1.004305812533897946e+00
1.004307866626439782e+00
1.004319194277520699e+00
1.004321176761774570e+00
1.004323891696254911e+00
1.004325292518498447e+00
1.004333596708930632e+00
1.004338950902237793e+00
1.004339752157416443e+00
1.004343107767997623e+00
1.004345047895091936e+00
1.004351552005450898e+00
1.004352084230044406e+00
1.004354100654961890e+00
1.004355064874018932e+00
1.004355549784914814e+00
1.004364127390728667e+00
1.004365845754227715e+00
1.004368317945636191e+00
1.004369824050918680e+00
1.004370011694620590e+00
1.004372778426909862e+00
1.004373852350671115e+00
1.004374925925859419e+00
1.004376836193328737e+00
1.004378755098628062e+00
1.004381567659583308e+00
1.004382387053974313e+00
1.004383072900867369e+00
1.004388871741048517e+00
1.004393274629203026e+00
1.004394331948234687e+00
1.004394349373334050e+00
1.004396917866775985e+00
1.004398242673012476e+00
1.004398360020454017e+00
1.004399804475016866e+00
1.004400905947480771e+00
1.004407975214353543e+00
1.004409140248612609e+00
1.004409532110200010e+00
1.004412402031887863e+00
1.004414696900405080e+00
1.004415122465765586e+00
1.004416486765111305e+00
1.004416912964446018e+00
1.004419448074538090e+00
1.004428677231730571e+00
1.004430282015473797e+00
1.004430507118986959e+00
1.004431251321815433e+00
1.004432707823748938e+00
1.004433491176086157e+00
1.004434404738155706e+00
1.004435748054527178e+00
1.004439475142472782e+00
1.004441123859382889e+00
1.004441449205685011e+00
1.004442409975249584e+00
1.004445258818949194e+00
1.004447005083995537e+00
1.004449838200585310e+00
1.004451308660575970e+00
1.004453807353806294e+00
1.004456630125568184e+00
1.004458789385318074e+00
1.004460440647783281e+00
1.004461044637863898e+00
1.004462994624526262e+00
1.004464528811293667e+00
1.004466357530151788e+00
1.004467998558566499e+00
1.004468171599406601e+00
1.004469329978768144e+00
1.004470677270155710e+00
1.004472754743989338e+00
1.004476615874184020e+00
1.004477244403502167e+00
1.004477363937802403e+00
1.004480515601098967e+00
1.004481813716313399e+00
1.004483308221806537e+00
1.004484200522620219e+00
1.004485405485855409e+00
1.004485593021896328e+00
1.004487183600265121e+00
1.004494472944960748e+00
1.004497684898944643e+00
1.004500248706184262e+00
1.004500450801041556e+00
1.004502424926252191e+00
1.004503268750696510e+00
1.004505106393629665e+00
1.004525160363242575e+00
1.004527240994019355e+00
1.004532576236182972e+00
1.004534418346961111e+00
1.004536321420060885e+00
1.004538398745468131e+00
1.004541555193802616e+00
1.004543044507075988e+00
1.004543850161787599e+00
1.004545139359900308e+00
1.004545686689035877e+00
1.004546407310586087e+00
1.004547573419962259e+00
1.004553236937847593e+00
1.004554447037023790e+00
1.004554612262358093e+00
1.004558875510014992e+00
1.004563717844929371e+00
1.004573552749236542e+00
1.004577674090687101e+00
1.004578315901885066e+00
1.004581486415086822e+00
1.004582592257712070e+00
1.004582970381157958e+00
1.004584641490387620e+00
1.004584964894879695e+00
1.004591293527492546e+00
1.004600438499702486e+00
1.004602016775872464e+00
1.004605332981812982e+00
1.004605406624158981e+00
1.004609568496821925e+00
1.004613073062313733e+00
1.004615550656217549e+00
1.004617890511473544e+00
1.004621041075356214e+00
1.004625851921087332e+00
1.004627009879269339e+00
1.004628074978149987e+00
1.004630193092304946e+00
1.004633223149372423e+00
1.004633662380196579e+00
1.004635115988816496e+00
1.004641985243447611e+00
1.004644512040886672e+00
1.004645485746304301e+00
1.004647618087396443e+00
1.004649611162417466e+00
1.004653443638186427e+00
1.004656863498915698e+00
1.004657077624300232e+00
1.004659859869384109e+00
1.004660165249982473e+00
1.004660893864597115e+00
1.004662584385909385e+00
1.004664462602382402e+00
1.004666437413977986e+00
1.004667997593365669e+00
1.004668297008091127e+00
1.004674448214508242e+00
1.004674862298138072e+00
1.004675110290027096e+00
1.004677689894569514e+00
1.004678367868094391e+00
1.004680838523529074e+00
1.004684977466937079e+00
1.004685789775303872e+00
1.004695696796160664e+00
1.004695851203672108e+00
1.004699608028728708e+00
1.004711466418511057e+00
1.004713603509099329e+00
1.004713971257887195e+00
1.004718932974822510e+00
1.004722089945304431e+00
1.004724385735476844e+00
1.004726207974265595e+00
1.004728604748393428e+00
1.004729073045645071e+00
1.004732263165202255e+00
1.004732705060249698e+00
1.004734286099166596e+00
1.004735766019185128e+00
1.004737468933694533e+00
1.004741398973391320e+00
1.004744340170892203e+00
1.004745733113597383e+00
1.004750236781617234e+00
1.004752281432098826e+00
1.004755378305878022e+00
1.004756466259998149e+00
1.004758273014277670e+00
1.004759452719678814e+00
1.004761375618178798e+00
1.004766130110039013e+00
1.004767123502355863e+00
1.004769997739562326e+00
1.004776789401693460e+00
1.004784074475312039e+00
1.004785197301910626e+00
1.004786131229836732e+00
1.004787530351315405e+00
1.004789146195578686e+00
1.004792091955297284e+00
1.004792637796656951e+00
1.004792811069225245e+00
1.004794950110788676e+00
1.004795491255346063e+00
1.004795671786457456e+00
1.004799402062715119e+00
1.004801918048464637e+00
1.004804150848060962e+00
1.004806302653162842e+00
1.004811791265178833e+00
1.004812852306680826e+00
1.004817634116066394e+00
1.004821718067937741e+00
1.004827679860019529e+00
1.004828476993261610e+00
1.004829992777643177e+00
1.004835475929497068e+00
1.004838343556826441e+00
1.004839132403604340e+00
1.004841099466662113e+00
1.004843395354054314e+00
1.004873829831035348e+00
1.004876313146044753e+00
1.004876443121996310e+00
1.004881516734880575e+00
1.004883964582547584e+00
1.004887084124218566e+00
1.004887755724211962e+00
1.004897092796605218e+00
1.004903980543356612e+00
1.004905611030103119e+00
1.004905874066414295e+00
1.004907308604967131e+00
1.004929890456754293e+00
1.004936300865603371e+00
1.004962673509333770e+00
1.004975198306679474e+00
1.004987384034907727e+00
1.004990552179324093e+00
1.004991569796200412e+00
1.004992803134518997e+00
1.004996822442473903e+00
1.004997091593230918e+00
1.004997864863854895e+00
1.005008063943328533e+00
1.005008385355081968e+00
1.005011807221933173e+00
1.005025673826756671e+00
1.005027448929984635e+00
1.005034772029985479e+00
1.005035103072728475e+00
1.005040174680609244e+00
1.005043616255502315e+00
1.005043846537493568e+00
1.005046517379364790e+00
1.005071204741041058e+00
1.005078673164203407e+00
1.005083611977362068e+00
1.005086643611327712e+00
1.005088942567688104e+00
1.005089766408940211e+00
1.005090890363360634e+00
1.005093872104849906e+00
1.005105911189135393e+00
1.005107672226101201e+00
1.005108145029296018e+00
1.005121730530324609e+00
1.005122627800584700e+00
1.005136702628725009e+00
1.005151171328517723e+00
1.005162474648241488e+00
1.005172240453038102e+00
1.005176501818432877e+00
1.005180123304024731e+00
1.005182239298092028e+00
1.005185125779461508e+00
1.005188283911089275e+00
1.005202476346799489e+00
1.005212868087041800e+00
1.005218051004026059e+00
1.005221886499113815e+00
1.005254025439680232e+00
1.005260136109805913e+00
1.005263873100815664e+00
1.005263942102967212e+00
1.005269094491346493e+00
1.005270347564692690e+00
1.005272281626099939e+00
1.005282978854739717e+00
1.005284493913816135e+00
1.005287103261769621e+00
1.005347054140025342e+00
1.005354094557756151e+00
1.005355787621365904e+00
1.005365492331191879e+00
1.005373940673029320e+00
1.005385940128024735e+00
1.005391276303237547e+00
1.005402998233875245e+00
1.005472099283475140e+00
1.005479882347667164e+00
1.005494782896832806e+00
1.005496651518066997e+00
1.005499835084871840e+00
1.005501411858184868e+00
1.005503653579769674e+00
1.005507094229143750e+00
1.005528584853242036e+00
1.005534786787794843e+00
1.005567162342456911e+00
1.005574265805728063e+00
1.005577263351496109e+00
1.005579758439967497e+00
1.005587697038238248e+00
1.005591231484652459e+00
1.005629614088633605e+00
1.005631260368744950e+00
1.005644653562734803e+00
1.005650515651685284e+00
1.005650680656739349e+00
1.005653377020565564e+00
1.005663052125280510e+00
1.005674538678777097e+00
1.005711453208269823e+00
1.005716672984700910e+00
1.005807044518410187e+00
1.005807417399047221e+00
1.005824247175399755e+00
1.005827823805617527e+00
1.005855268588067064e+00
1.005859181698138816e+00
1.005866607010985625e+00
1.005868538297581827e+00
1.005908308961050768e+00
1.005911723212944864e+00
1.005944020730504818e+00
1.005946534654035718e+00
1.005951945889639987e+00
1.006021677183750906e+00
1.006022966784002382e+00
1.006027114620335894e+00
1.006027162129011776e+00
1.006030255631910730e+00
1.006041093400516839e+00
1.006049863863068827e+00
1.006051415349766609e+00
1.006053649039551301e+00
1.006053823179030138e+00
1.006055531752461984e+00
1.006056822962143160e+00
1.006057471113454005e+00
1.006061935806394914e+00
1.006070087987098960e+00
1.006079254719843608e+00
1.006085286916139854e+00
1.006086674351837962e+00
1.006097222073104813e+00
1.006098537782766922e+00
1.006102565120496450e+00
1.006104644794660441e+00
1.006107523013896499e+00
1.006120211310807422e+00
1.006137516705396306e+00
1.006142075779125511e+00
1.006146286014826252e+00
1.006148893852834236e+00
1.006158834588975148e+00
1.006165032073281784e+00
1.006180548819282317e+00
1.006184214274122413e+00
1.006194581519103792e+00
1.006195944017794552e+00
1.006199446095752181e+00
1.006203719960420795e+00
1.006206182706977259e+00
1.006222794215122507e+00
1.006222889371132467e+00
1.006226643222607464e+00
1.006228946092734722e+00
1.006236277174626048e+00
1.006249452845348946e+00
1.006267451486946740e+00
1.006277064182351300e+00
1.006293383003141750e+00
1.006300481834976557e+00
1.006302902826162082e+00
1.006306448537811260e+00
1.006312013398468874e+00
1.006322510737401421e+00
1.006323815954947021e+00
1.006326881001532447e+00
1.006335883092832617e+00
1.006341226375291775e+00
1.006343799027347163e+00
1.006346163614088685e+00
1.006358564362913155e+00
1.006359362941514624e+00
1.006366976746874586e+00
1.006373284085349207e+00
1.006375240377370917e+00
1.006381010391319109e+00
1.006382900545799597e+00
1.006386636458863615e+00
1.006400361878317717e+00
1.006402533501167706e+00
1.006405917288068164e+00
1.006406937050015049e+00
1.006413635329205913e+00
1.006419332327633143e+00
1.006422809915956673e+00
1.006438554497045113e+00
1.006450711529301101e+00
1.006451931489110496e+00
1.006453556205392230e+00
1.006455034731903897e+00
1.006475688288343440e+00
1.006475827515786126e+00
1.006482638552152808e+00
1.006483611675051293e+00
1.006489060259594615e+00
1.006491389373978640e+00
1.006500883478238739e+00
1.006502657831017666e+00
1.006507675149517000e+00
1.006515293817128676e+00
1.006520893796811977e+00
1.006526856170600448e+00
1.006537176992549076e+00
1.006548523591911604e+00
1.006562491075297050e+00
1.006564984713617772e+00
1.006569437186290550e+00
1.006573939082293201e+00
1.006582965286121567e+00
1.006584709940613998e+00
1.006601510493940088e+00
1.006604842231219044e+00
1.006609300545727725e+00
1.006610867244164931e+00
1.006615430756044427e+00
1.006615588992462618e+00
1.006616319795543557e+00
1.006616447360338285e+00
1.006625068790593325e+00
1.006630328678770558e+00
1.006640056438079966e+00
1.006642149097092709e+00
1.006642759692512268e+00
1.006647448249945231e+00
1.006652509212288216e+00
1.006658840786865294e+00
1.006658890355558000e+00
1.006666111287454424e+00
1.006668270841187374e+00
1.006676773006868642e+00
1.006680038985703352e+00
1.006682579673622069e+00
1.006688991617364692e+00
1.006693882190132561e+00
1.006696597671414173e+00
1.006698646527774299e+00
1.006700989451849271e+00
1.006705109377262097e+00
1.006715175590632061e+00
1.006723248733256915e+00
1.006728064389758259e+00
1.006729723718926106e+00
1.006750257133761650e+00
1.006751519762995040e+00
1.006787835827386735e+00
1.006791283366673673e+00
1.006801681357788025e+00
1.006805861279435277e+00
1.006807745510662544e+00
1.006821329352561856e+00
1.006842442970295126e+00
1.006850737996235035e+00
1.006876779008587519e+00
1.006881534055019234e+00
1.006889044203944872e+00
1.006890073000123786e+00
1.006894254025403335e+00
1.006899296721359915e+00
1.006907061385415414e+00
1.006915667631933298e+00
1.006930195360777658e+00
1.006944013573087160e+00
1.006949213355866624e+00
1.006958048745521417e+00
1.006962251388590079e+00
1.006967870352767580e+00
1.006976242084269391e+00
1.006983929547212275e+00
1.006996881111657638e+00
1.006997114175759656e+00
1.007000972707448261e+00
1.007010382783185554e+00
1.007053400845570712e+00
1.007063078225978403e+00
1.007065651241901172e+00
1.007067361593114274e+00
1.007068437040105957e+00
1.007073287803663231e+00
1.007078284249816935e+00
1.007082417783308204e+00
1.007087162610338593e+00
1.007087756739919460e+00
1.007089250322477980e+00
1.007093213434909762e+00
1.007094133846651474e+00
1.007110373181900664e+00
1.007113810290414690e+00
1.007115160286289113e+00
1.007116132620121229e+00
1.007121986045379503e+00
1.007122611716850580e+00
1.007126077034559364e+00
1.007134985132540628e+00
1.007135573480963053e+00
1.007207454811256842e+00
1.007212678898483871e+00
1.007227708546216460e+00
1.007232911966950084e+00
1.007237686027218748e+00
1.007245560402230566e+00
1.007246217679013567e+00
1.007247102675538075e+00
1.007248077831677691e+00
1.007249789301623455e+00
1.007285773766987802e+00
1.007297129553248016e+00
1.007326061409317353e+00
1.007334891428516066e+00
1.007342081794252664e+00
1.007344462781409877e+00
1.007348376416887570e+00
1.007352970773529366e+00
1.007356827433146806e+00
1.007386886613104604e+00
1.007418763657269123e+00
1.007424392530554158e+00
1.007477510645843344e+00
1.007489350524722438e+00
1.007520760816861038e+00
1.007540647672812595e+00
1.007544096180739590e+00
1.007544662469261665e+00
1.007545962712794063e+00
1.007555863979588295e+00
1.007574186563770624e+00
1.007588400914736892e+00
1.007593397495984755e+00
1.007602998979651110e+00
1.007614953091960919e+00
1.007615158114857135e+00
1.007620340802777958e+00
1.007631840680712099e+00
1.007632961387440407e+00
1.007633736670092706e+00
1.007679587027882073e+00
1.007681010379579689e+00
1.007697723445484028e+00
1.007699874337939949e+00
1.007790263948735054e+00
1.007794918585497967e+00
1.007945284444004441e+00
1.007957343478091516e+00
1.008052765364849668e+00
1.008063365908911102e+00
1.008064444429140449e+00
1.008065357753247460e+00
1.008216879405794852e+00
1.008220752176630208e+00
1.008318804368706356e+00
1.008319421519159098e+00
1.008507056568540783e+00
1.008534485866892760e+00
1.012144560407755467e+00
1.012950574849364793e+00
1.014854324241613925e+00
1.014880922417201958e+00
1.014897616886235587e+00
1.014956232751819787e+00
1.014958193626847471e+00
1.015022472808653875e+00
1.015043778413280418e+00
1.015096554506309534e+00
1.015102423422372446e+00
1.015119814944907439e+00
1.015138048937453519e+00
1.015151577777998249e+00
1.015175322959685156e+00
